{"cells":[{"cell_type":"code","execution_count":1,"metadata":{"metadata":{}},"outputs":[],"source":["import newkernelo as lib\n","import kernelo as oldker\n","import numpy as np\n","import time\n","import os.path\n","import json\n","import logging\n","logging.getLogger().setLevel(logging.INFO)"]},{"cell_type":"code","execution_count":2,"metadata":{},"outputs":[{"name":"stdout","output_type":"stream","text":["<class 'newkernelo._GLLiM_full_diag'>GLLiM Parameters initialized\n","\n","(50, 4, 4)\n","GLLiM dimensions are (L=4, D=9, K=50)\n","GLLiM constraints are :\n","\tgamma_type = 'full',\n","\tsigma_type = 'diag'.\n"]}],"source":["L = 4\n","D = 9\n","K = 50\n","\n","gllim = lib.GLLiM(L,D,K, gamma_type='full', sigma_type='diag')\n","print(type(gllim))\n","gllim.getDimensions()\n","gllim.getConstraints()\n","gllim.getParamPi()\n","gllim.getParamGamma()\n","print(gllim.getParamGamma().shape)\n"]},{"cell_type":"code","execution_count":3,"metadata":{},"outputs":[{"name":"stdout","output_type":"stream","text":["GLLiM Parameters initialized\n","GLLiM dimensions are (L=4, D=9, K=50)\n","GLLiM constraints are :\n","\tgamma_type = 'full',\n","\tsigma_type = 'full'.\n"]},{"data":{"text/plain":["<newkernelo._GLLiM_full_diag at 0x7450abde65f0>"]},"execution_count":3,"metadata":{},"output_type":"execute_result"}],"source":["lib._GLLiM_full_diag(L,D,K, gamma_type='full', sigma_type='full')"]},{"cell_type":"code","execution_count":4,"metadata":{},"outputs":[{"name":"stdout","output_type":"stream","text":["GLLiM dimensions are (L=4, D=9, K=50)\n"]},{"data":{"text/plain":["(50, 4, 4)"]},"execution_count":4,"metadata":{},"output_type":"execute_result"}],"source":["print(gllim.getDimensions())\n","gllim.getParams()\n","gllim.getParamGamma().shape"]},{"cell_type":"code","execution_count":5,"metadata":{},"outputs":[{"name":"stdout","output_type":"stream","text":["[[0. 0. 0. 0. 0. 0. 0. 0. 0. 0. 0. 0. 0. 0. 0. 0. 0. 0. 0. 0. 0. 0. 0. 0.\n","  0. 0. 0. 0. 0. 0. 0. 0. 0. 0. 0. 0. 0. 0. 0. 0. 0. 0. 0. 0. 0. 0. 0. 0.\n","  0. 0.]]\n","(9, 4, 50)\n","GLLiM dimensions are (L=4, D=9, K=50)\n"]}],"source":["theta = gllim.getParams()\n","print(theta.Pi)\n","print(theta.A.shape)\n","# print(theta.L)\n","print(gllim.getDimensions())"]},{"cell_type":"code","execution_count":6,"metadata":{},"outputs":[{"name":"stdout","output_type":"stream","text":["GLLiM dimensions are (L=4, D=9, K=50)\n"]}],"source":["gllim.getParams()\n","gllim.getParamPi()\n","gllim.getParamA()\n","gllim.getParamC()\n","gllim.getParamGamma()\n","gllim.getParamB()\n","gllim.getParamSigma()\n","print(gllim.getDimensions())"]},{"cell_type":"code","execution_count":7,"metadata":{},"outputs":[{"name":"stdout","output_type":"stream","text":["GLLiM dimensions are (L=4, D=9, K=50)\n"]}],"source":["gllim.getInverse().C\n","print(gllim.getDimensions())"]},{"cell_type":"code","execution_count":8,"metadata":{},"outputs":[{"name":"stdout","output_type":"stream","text":["(50, 4, 4)\n","[[0.02 0.02 0.02 0.02 0.02 0.02 0.02 0.02 0.02 0.02 0.02 0.02 0.02 0.02\n","  0.02 0.02 0.02 0.02 0.02 0.02 0.02 0.02 0.02 0.02 0.02 0.02 0.02 0.02\n","  0.02 0.02 0.02 0.02 0.02 0.02 0.02 0.02 0.02 0.02 0.02 0.02 0.02 0.02\n","  0.02 0.02 0.02 0.02 0.02 0.02 0.02 0.02]]\n","[[[1. 1. 1. ... 1. 1. 1.]\n","  [1. 1. 1. ... 1. 1. 1.]\n","  [1. 1. 1. ... 1. 1. 1.]\n","  [1. 1. 1. ... 1. 1. 1.]]\n","\n"," [[1. 1. 1. ... 1. 1. 1.]\n","  [1. 1. 1. ... 1. 1. 1.]\n","  [1. 1. 1. ... 1. 1. 1.]\n","  [1. 1. 1. ... 1. 1. 1.]]\n","\n"," [[1. 1. 1. ... 1. 1. 1.]\n","  [1. 1. 1. ... 1. 1. 1.]\n","  [1. 1. 1. ... 1. 1. 1.]\n","  [1. 1. 1. ... 1. 1. 1.]]\n","\n"," ...\n","\n"," [[1. 1. 1. ... 1. 1. 1.]\n","  [1. 1. 1. ... 1. 1. 1.]\n","  [1. 1. 1. ... 1. 1. 1.]\n","  [1. 1. 1. ... 1. 1. 1.]]\n","\n"," [[1. 1. 1. ... 1. 1. 1.]\n","  [1. 1. 1. ... 1. 1. 1.]\n","  [1. 1. 1. ... 1. 1. 1.]\n","  [1. 1. 1. ... 1. 1. 1.]]\n","\n"," [[1. 1. 1. ... 1. 1. 1.]\n","  [1. 1. 1. ... 1. 1. 1.]\n","  [1. 1. 1. ... 1. 1. 1.]\n","  [1. 1. 1. ... 1. 1. 1.]]]\n","[[2. 2. 2. 2. 2. 2. 2. 2. 2. 2. 2. 2. 2. 2. 2. 2. 2. 2. 2. 2. 2. 2. 2. 2.\n","  2. 2. 2. 2. 2. 2. 2. 2. 2. 2. 2. 2. 2. 2. 2. 2. 2. 2. 2. 2. 2. 2. 2. 2.\n","  2. 2.]\n"," [2. 2. 2. 2. 2. 2. 2. 2. 2. 2. 2. 2. 2. 2. 2. 2. 2. 2. 2. 2. 2. 2. 2. 2.\n","  2. 2. 2. 2. 2. 2. 2. 2. 2. 2. 2. 2. 2. 2. 2. 2. 2. 2. 2. 2. 2. 2. 2. 2.\n","  2. 2.]\n"," [2. 2. 2. 2. 2. 2. 2. 2. 2. 2. 2. 2. 2. 2. 2. 2. 2. 2. 2. 2. 2. 2. 2. 2.\n","  2. 2. 2. 2. 2. 2. 2. 2. 2. 2. 2. 2. 2. 2. 2. 2. 2. 2. 2. 2. 2. 2. 2. 2.\n","  2. 2.]\n"," [2. 2. 2. 2. 2. 2. 2. 2. 2. 2. 2. 2. 2. 2. 2. 2. 2. 2. 2. 2. 2. 2. 2. 2.\n","  2. 2. 2. 2. 2. 2. 2. 2. 2. 2. 2. 2. 2. 2. 2. 2. 2. 2. 2. 2. 2. 2. 2. 2.\n","  2. 2.]]\n","[[[0.2 0.2 0.2 0.2]\n","  [0.2 0.2 0.2 0.2]\n","  [0.2 0.2 0.2 0.2]\n","  [0.2 0.2 0.2 0.2]]\n","\n"," [[0.2 0.2 0.2 0.2]\n","  [0.2 0.2 0.2 0.2]\n","  [0.2 0.2 0.2 0.2]\n","  [0.2 0.2 0.2 0.2]]\n","\n"," [[0.2 0.2 0.2 0.2]\n","  [0.2 0.2 0.2 0.2]\n","  [0.2 0.2 0.2 0.2]\n","  [0.2 0.2 0.2 0.2]]\n","\n"," [[0.2 0.2 0.2 0.2]\n","  [0.2 0.2 0.2 0.2]\n","  [0.2 0.2 0.2 0.2]\n","  [0.2 0.2 0.2 0.2]]\n","\n"," [[0.2 0.2 0.2 0.2]\n","  [0.2 0.2 0.2 0.2]\n","  [0.2 0.2 0.2 0.2]\n","  [0.2 0.2 0.2 0.2]]\n","\n"," [[0.2 0.2 0.2 0.2]\n","  [0.2 0.2 0.2 0.2]\n","  [0.2 0.2 0.2 0.2]\n","  [0.2 0.2 0.2 0.2]]\n","\n"," [[0.2 0.2 0.2 0.2]\n","  [0.2 0.2 0.2 0.2]\n","  [0.2 0.2 0.2 0.2]\n","  [0.2 0.2 0.2 0.2]]\n","\n"," [[0.2 0.2 0.2 0.2]\n","  [0.2 0.2 0.2 0.2]\n","  [0.2 0.2 0.2 0.2]\n","  [0.2 0.2 0.2 0.2]]\n","\n"," [[0.2 0.2 0.2 0.2]\n","  [0.2 0.2 0.2 0.2]\n","  [0.2 0.2 0.2 0.2]\n","  [0.2 0.2 0.2 0.2]]\n","\n"," [[0.2 0.2 0.2 0.2]\n","  [0.2 0.2 0.2 0.2]\n","  [0.2 0.2 0.2 0.2]\n","  [0.2 0.2 0.2 0.2]]\n","\n"," [[0.2 0.2 0.2 0.2]\n","  [0.2 0.2 0.2 0.2]\n","  [0.2 0.2 0.2 0.2]\n","  [0.2 0.2 0.2 0.2]]\n","\n"," [[0.2 0.2 0.2 0.2]\n","  [0.2 0.2 0.2 0.2]\n","  [0.2 0.2 0.2 0.2]\n","  [0.2 0.2 0.2 0.2]]\n","\n"," [[0.2 0.2 0.2 0.2]\n","  [0.2 0.2 0.2 0.2]\n","  [0.2 0.2 0.2 0.2]\n","  [0.2 0.2 0.2 0.2]]\n","\n"," [[0.2 0.2 0.2 0.2]\n","  [0.2 0.2 0.2 0.2]\n","  [0.2 0.2 0.2 0.2]\n","  [0.2 0.2 0.2 0.2]]\n","\n"," [[0.2 0.2 0.2 0.2]\n","  [0.2 0.2 0.2 0.2]\n","  [0.2 0.2 0.2 0.2]\n","  [0.2 0.2 0.2 0.2]]\n","\n"," [[0.2 0.2 0.2 0.2]\n","  [0.2 0.2 0.2 0.2]\n","  [0.2 0.2 0.2 0.2]\n","  [0.2 0.2 0.2 0.2]]\n","\n"," [[0.2 0.2 0.2 0.2]\n","  [0.2 0.2 0.2 0.2]\n","  [0.2 0.2 0.2 0.2]\n","  [0.2 0.2 0.2 0.2]]\n","\n"," [[0.2 0.2 0.2 0.2]\n","  [0.2 0.2 0.2 0.2]\n","  [0.2 0.2 0.2 0.2]\n","  [0.2 0.2 0.2 0.2]]\n","\n"," [[0.2 0.2 0.2 0.2]\n","  [0.2 0.2 0.2 0.2]\n","  [0.2 0.2 0.2 0.2]\n","  [0.2 0.2 0.2 0.2]]\n","\n"," [[0.2 0.2 0.2 0.2]\n","  [0.2 0.2 0.2 0.2]\n","  [0.2 0.2 0.2 0.2]\n","  [0.2 0.2 0.2 0.2]]\n","\n"," [[0.2 0.2 0.2 0.2]\n","  [0.2 0.2 0.2 0.2]\n","  [0.2 0.2 0.2 0.2]\n","  [0.2 0.2 0.2 0.2]]\n","\n"," [[0.2 0.2 0.2 0.2]\n","  [0.2 0.2 0.2 0.2]\n","  [0.2 0.2 0.2 0.2]\n","  [0.2 0.2 0.2 0.2]]\n","\n"," [[0.2 0.2 0.2 0.2]\n","  [0.2 0.2 0.2 0.2]\n","  [0.2 0.2 0.2 0.2]\n","  [0.2 0.2 0.2 0.2]]\n","\n"," [[0.2 0.2 0.2 0.2]\n","  [0.2 0.2 0.2 0.2]\n","  [0.2 0.2 0.2 0.2]\n","  [0.2 0.2 0.2 0.2]]\n","\n"," [[0.2 0.2 0.2 0.2]\n","  [0.2 0.2 0.2 0.2]\n","  [0.2 0.2 0.2 0.2]\n","  [0.2 0.2 0.2 0.2]]\n","\n"," [[0.2 0.2 0.2 0.2]\n","  [0.2 0.2 0.2 0.2]\n","  [0.2 0.2 0.2 0.2]\n","  [0.2 0.2 0.2 0.2]]\n","\n"," [[0.2 0.2 0.2 0.2]\n","  [0.2 0.2 0.2 0.2]\n","  [0.2 0.2 0.2 0.2]\n","  [0.2 0.2 0.2 0.2]]\n","\n"," [[0.2 0.2 0.2 0.2]\n","  [0.2 0.2 0.2 0.2]\n","  [0.2 0.2 0.2 0.2]\n","  [0.2 0.2 0.2 0.2]]\n","\n"," [[0.2 0.2 0.2 0.2]\n","  [0.2 0.2 0.2 0.2]\n","  [0.2 0.2 0.2 0.2]\n","  [0.2 0.2 0.2 0.2]]\n","\n"," [[0.2 0.2 0.2 0.2]\n","  [0.2 0.2 0.2 0.2]\n","  [0.2 0.2 0.2 0.2]\n","  [0.2 0.2 0.2 0.2]]\n","\n"," [[0.2 0.2 0.2 0.2]\n","  [0.2 0.2 0.2 0.2]\n","  [0.2 0.2 0.2 0.2]\n","  [0.2 0.2 0.2 0.2]]\n","\n"," [[0.2 0.2 0.2 0.2]\n","  [0.2 0.2 0.2 0.2]\n","  [0.2 0.2 0.2 0.2]\n","  [0.2 0.2 0.2 0.2]]\n","\n"," [[0.2 0.2 0.2 0.2]\n","  [0.2 0.2 0.2 0.2]\n","  [0.2 0.2 0.2 0.2]\n","  [0.2 0.2 0.2 0.2]]\n","\n"," [[0.2 0.2 0.2 0.2]\n","  [0.2 0.2 0.2 0.2]\n","  [0.2 0.2 0.2 0.2]\n","  [0.2 0.2 0.2 0.2]]\n","\n"," [[0.2 0.2 0.2 0.2]\n","  [0.2 0.2 0.2 0.2]\n","  [0.2 0.2 0.2 0.2]\n","  [0.2 0.2 0.2 0.2]]\n","\n"," [[0.2 0.2 0.2 0.2]\n","  [0.2 0.2 0.2 0.2]\n","  [0.2 0.2 0.2 0.2]\n","  [0.2 0.2 0.2 0.2]]\n","\n"," [[0.2 0.2 0.2 0.2]\n","  [0.2 0.2 0.2 0.2]\n","  [0.2 0.2 0.2 0.2]\n","  [0.2 0.2 0.2 0.2]]\n","\n"," [[0.2 0.2 0.2 0.2]\n","  [0.2 0.2 0.2 0.2]\n","  [0.2 0.2 0.2 0.2]\n","  [0.2 0.2 0.2 0.2]]\n","\n"," [[0.2 0.2 0.2 0.2]\n","  [0.2 0.2 0.2 0.2]\n","  [0.2 0.2 0.2 0.2]\n","  [0.2 0.2 0.2 0.2]]\n","\n"," [[0.2 0.2 0.2 0.2]\n","  [0.2 0.2 0.2 0.2]\n","  [0.2 0.2 0.2 0.2]\n","  [0.2 0.2 0.2 0.2]]\n","\n"," [[0.2 0.2 0.2 0.2]\n","  [0.2 0.2 0.2 0.2]\n","  [0.2 0.2 0.2 0.2]\n","  [0.2 0.2 0.2 0.2]]\n","\n"," [[0.2 0.2 0.2 0.2]\n","  [0.2 0.2 0.2 0.2]\n","  [0.2 0.2 0.2 0.2]\n","  [0.2 0.2 0.2 0.2]]\n","\n"," [[0.2 0.2 0.2 0.2]\n","  [0.2 0.2 0.2 0.2]\n","  [0.2 0.2 0.2 0.2]\n","  [0.2 0.2 0.2 0.2]]\n","\n"," [[0.2 0.2 0.2 0.2]\n","  [0.2 0.2 0.2 0.2]\n","  [0.2 0.2 0.2 0.2]\n","  [0.2 0.2 0.2 0.2]]\n","\n"," [[0.2 0.2 0.2 0.2]\n","  [0.2 0.2 0.2 0.2]\n","  [0.2 0.2 0.2 0.2]\n","  [0.2 0.2 0.2 0.2]]\n","\n"," [[0.2 0.2 0.2 0.2]\n","  [0.2 0.2 0.2 0.2]\n","  [0.2 0.2 0.2 0.2]\n","  [0.2 0.2 0.2 0.2]]\n","\n"," [[0.2 0.2 0.2 0.2]\n","  [0.2 0.2 0.2 0.2]\n","  [0.2 0.2 0.2 0.2]\n","  [0.2 0.2 0.2 0.2]]\n","\n"," [[0.2 0.2 0.2 0.2]\n","  [0.2 0.2 0.2 0.2]\n","  [0.2 0.2 0.2 0.2]\n","  [0.2 0.2 0.2 0.2]]\n","\n"," [[0.2 0.2 0.2 0.2]\n","  [0.2 0.2 0.2 0.2]\n","  [0.2 0.2 0.2 0.2]\n","  [0.2 0.2 0.2 0.2]]\n","\n"," [[0.2 0.2 0.2 0.2]\n","  [0.2 0.2 0.2 0.2]\n","  [0.2 0.2 0.2 0.2]\n","  [0.2 0.2 0.2 0.2]]]\n","[[3. 3. 3. 3. 3. 3. 3. 3. 3. 3. 3. 3. 3. 3. 3. 3. 3. 3. 3. 3. 3. 3. 3. 3.\n","  3. 3. 3. 3. 3. 3. 3. 3. 3. 3. 3. 3. 3. 3. 3. 3. 3. 3. 3. 3. 3. 3. 3. 3.\n","  3. 3.]\n"," [3. 3. 3. 3. 3. 3. 3. 3. 3. 3. 3. 3. 3. 3. 3. 3. 3. 3. 3. 3. 3. 3. 3. 3.\n","  3. 3. 3. 3. 3. 3. 3. 3. 3. 3. 3. 3. 3. 3. 3. 3. 3. 3. 3. 3. 3. 3. 3. 3.\n","  3. 3.]\n"," [3. 3. 3. 3. 3. 3. 3. 3. 3. 3. 3. 3. 3. 3. 3. 3. 3. 3. 3. 3. 3. 3. 3. 3.\n","  3. 3. 3. 3. 3. 3. 3. 3. 3. 3. 3. 3. 3. 3. 3. 3. 3. 3. 3. 3. 3. 3. 3. 3.\n","  3. 3.]\n"," [3. 3. 3. 3. 3. 3. 3. 3. 3. 3. 3. 3. 3. 3. 3. 3. 3. 3. 3. 3. 3. 3. 3. 3.\n","  3. 3. 3. 3. 3. 3. 3. 3. 3. 3. 3. 3. 3. 3. 3. 3. 3. 3. 3. 3. 3. 3. 3. 3.\n","  3. 3.]\n"," [3. 3. 3. 3. 3. 3. 3. 3. 3. 3. 3. 3. 3. 3. 3. 3. 3. 3. 3. 3. 3. 3. 3. 3.\n","  3. 3. 3. 3. 3. 3. 3. 3. 3. 3. 3. 3. 3. 3. 3. 3. 3. 3. 3. 3. 3. 3. 3. 3.\n","  3. 3.]\n"," [3. 3. 3. 3. 3. 3. 3. 3. 3. 3. 3. 3. 3. 3. 3. 3. 3. 3. 3. 3. 3. 3. 3. 3.\n","  3. 3. 3. 3. 3. 3. 3. 3. 3. 3. 3. 3. 3. 3. 3. 3. 3. 3. 3. 3. 3. 3. 3. 3.\n","  3. 3.]\n"," [3. 3. 3. 3. 3. 3. 3. 3. 3. 3. 3. 3. 3. 3. 3. 3. 3. 3. 3. 3. 3. 3. 3. 3.\n","  3. 3. 3. 3. 3. 3. 3. 3. 3. 3. 3. 3. 3. 3. 3. 3. 3. 3. 3. 3. 3. 3. 3. 3.\n","  3. 3.]\n"," [3. 3. 3. 3. 3. 3. 3. 3. 3. 3. 3. 3. 3. 3. 3. 3. 3. 3. 3. 3. 3. 3. 3. 3.\n","  3. 3. 3. 3. 3. 3. 3. 3. 3. 3. 3. 3. 3. 3. 3. 3. 3. 3. 3. 3. 3. 3. 3. 3.\n","  3. 3.]\n"," [3. 3. 3. 3. 3. 3. 3. 3. 3. 3. 3. 3. 3. 3. 3. 3. 3. 3. 3. 3. 3. 3. 3. 3.\n","  3. 3. 3. 3. 3. 3. 3. 3. 3. 3. 3. 3. 3. 3. 3. 3. 3. 3. 3. 3. 3. 3. 3. 3.\n","  3. 3.]]\n","[[0.3 0.3 0.3 0.3 0.3 0.3 0.3 0.3 0.3]\n"," [0.3 0.3 0.3 0.3 0.3 0.3 0.3 0.3 0.3]\n"," [0.3 0.3 0.3 0.3 0.3 0.3 0.3 0.3 0.3]\n"," [0.3 0.3 0.3 0.3 0.3 0.3 0.3 0.3 0.3]\n"," [0.3 0.3 0.3 0.3 0.3 0.3 0.3 0.3 0.3]\n"," [0.3 0.3 0.3 0.3 0.3 0.3 0.3 0.3 0.3]\n"," [0.3 0.3 0.3 0.3 0.3 0.3 0.3 0.3 0.3]\n"," [0.3 0.3 0.3 0.3 0.3 0.3 0.3 0.3 0.3]\n"," [0.3 0.3 0.3 0.3 0.3 0.3 0.3 0.3 0.3]\n"," [0.3 0.3 0.3 0.3 0.3 0.3 0.3 0.3 0.3]\n"," [0.3 0.3 0.3 0.3 0.3 0.3 0.3 0.3 0.3]\n"," [0.3 0.3 0.3 0.3 0.3 0.3 0.3 0.3 0.3]\n"," [0.3 0.3 0.3 0.3 0.3 0.3 0.3 0.3 0.3]\n"," [0.3 0.3 0.3 0.3 0.3 0.3 0.3 0.3 0.3]\n"," [0.3 0.3 0.3 0.3 0.3 0.3 0.3 0.3 0.3]\n"," [0.3 0.3 0.3 0.3 0.3 0.3 0.3 0.3 0.3]\n"," [0.3 0.3 0.3 0.3 0.3 0.3 0.3 0.3 0.3]\n"," [0.3 0.3 0.3 0.3 0.3 0.3 0.3 0.3 0.3]\n"," [0.3 0.3 0.3 0.3 0.3 0.3 0.3 0.3 0.3]\n"," [0.3 0.3 0.3 0.3 0.3 0.3 0.3 0.3 0.3]\n"," [0.3 0.3 0.3 0.3 0.3 0.3 0.3 0.3 0.3]\n"," [0.3 0.3 0.3 0.3 0.3 0.3 0.3 0.3 0.3]\n"," [0.3 0.3 0.3 0.3 0.3 0.3 0.3 0.3 0.3]\n"," [0.3 0.3 0.3 0.3 0.3 0.3 0.3 0.3 0.3]\n"," [0.3 0.3 0.3 0.3 0.3 0.3 0.3 0.3 0.3]\n"," [0.3 0.3 0.3 0.3 0.3 0.3 0.3 0.3 0.3]\n"," [0.3 0.3 0.3 0.3 0.3 0.3 0.3 0.3 0.3]\n"," [0.3 0.3 0.3 0.3 0.3 0.3 0.3 0.3 0.3]\n"," [0.3 0.3 0.3 0.3 0.3 0.3 0.3 0.3 0.3]\n"," [0.3 0.3 0.3 0.3 0.3 0.3 0.3 0.3 0.3]\n"," [0.3 0.3 0.3 0.3 0.3 0.3 0.3 0.3 0.3]\n"," [0.3 0.3 0.3 0.3 0.3 0.3 0.3 0.3 0.3]\n"," [0.3 0.3 0.3 0.3 0.3 0.3 0.3 0.3 0.3]\n"," [0.3 0.3 0.3 0.3 0.3 0.3 0.3 0.3 0.3]\n"," [0.3 0.3 0.3 0.3 0.3 0.3 0.3 0.3 0.3]\n"," [0.3 0.3 0.3 0.3 0.3 0.3 0.3 0.3 0.3]\n"," [0.3 0.3 0.3 0.3 0.3 0.3 0.3 0.3 0.3]\n"," [0.3 0.3 0.3 0.3 0.3 0.3 0.3 0.3 0.3]\n"," [0.3 0.3 0.3 0.3 0.3 0.3 0.3 0.3 0.3]\n"," [0.3 0.3 0.3 0.3 0.3 0.3 0.3 0.3 0.3]\n"," [0.3 0.3 0.3 0.3 0.3 0.3 0.3 0.3 0.3]\n"," [0.3 0.3 0.3 0.3 0.3 0.3 0.3 0.3 0.3]\n"," [0.3 0.3 0.3 0.3 0.3 0.3 0.3 0.3 0.3]\n"," [0.3 0.3 0.3 0.3 0.3 0.3 0.3 0.3 0.3]\n"," [0.3 0.3 0.3 0.3 0.3 0.3 0.3 0.3 0.3]\n"," [0.3 0.3 0.3 0.3 0.3 0.3 0.3 0.3 0.3]\n"," [0.3 0.3 0.3 0.3 0.3 0.3 0.3 0.3 0.3]\n"," [0.3 0.3 0.3 0.3 0.3 0.3 0.3 0.3 0.3]\n"," [0.3 0.3 0.3 0.3 0.3 0.3 0.3 0.3 0.3]\n"," [0.3 0.3 0.3 0.3 0.3 0.3 0.3 0.3 0.3]]\n","(50, 9)\n","GLLiM dimensions are (L=4, D=9, K=50)\n"]}],"source":["Pi = np.ones(K) * 1 / K\n","A = np.ones((D, L, K))\n","C = np.ones((L, K)) * 2\n","Gamma = np.ones((K,L, L)) * 0.2\n","B = np.ones((D, K)) * 3\n","Sigma = np.ones((K,D, D)) * 0.3\n","print(Gamma.shape)\n","gllim.setParamPi(Pi)\n","gllim.setParamA(A)\n","gllim.setParamC(C)\n","gllim.setParamGamma(Gamma)\n","gllim.setParamB(B)\n","gllim.setParamSigma(np.array(Sigma[:,:,0]))\n","\n","theta = gllim.getParams()\n","print(theta.Pi)\n","print(theta.A)\n","print(theta.C)\n","print(theta.Gamma)\n","print(theta.B)\n","print(theta.Sigma)\n","print(theta.Sigma.shape)\n","print(gllim.getDimensions())"]},{"cell_type":"code","execution_count":9,"metadata":{},"outputs":[{"name":"stdout","output_type":"stream","text":["GLLiM dimensions are (L=4, D=9, K=50)\n","GLLiM dimensions are (L=4, D=9, K=50)\n"]}],"source":["print(gllim.getDimensions())\n","gllim.getParams()\n","print(gllim.getDimensions())"]},{"cell_type":"code","execution_count":10,"metadata":{},"outputs":[{"name":"stdout","output_type":"stream","text":["<class 'newkernelo._GLLiMParameters_full_diag'>\n","GLLiM dimensions are (L=4, D=9, K=50)\n","GLLiM dimensions are (L=4, D=9, K=50)\n","[[0.02 0.02 0.02 0.02 0.02 0.02 0.02 0.02 0.02 0.02 0.02 0.02 0.02 0.02\n","  0.02 0.02 0.02 0.02 0.02 0.02 0.02 0.02 0.02 0.02 0.02 0.02 0.02 0.02\n","  0.02 0.02 0.02 0.02 0.02 0.02 0.02 0.02 0.02 0.02 0.02 0.02 0.02 0.02\n","  0.02 0.02 0.02 0.02 0.02 0.02 0.02 0.02]]\n","[[[3. 3. 3. ... 3. 3. 3.]\n","  [3. 3. 3. ... 3. 3. 3.]\n","  [3. 3. 3. ... 3. 3. 3.]\n","  [3. 3. 3. ... 3. 3. 3.]]\n","\n"," [[3. 3. 3. ... 3. 3. 3.]\n","  [3. 3. 3. ... 3. 3. 3.]\n","  [3. 3. 3. ... 3. 3. 3.]\n","  [3. 3. 3. ... 3. 3. 3.]]\n","\n"," [[3. 3. 3. ... 3. 3. 3.]\n","  [3. 3. 3. ... 3. 3. 3.]\n","  [3. 3. 3. ... 3. 3. 3.]\n","  [3. 3. 3. ... 3. 3. 3.]]\n","\n"," ...\n","\n"," [[3. 3. 3. ... 3. 3. 3.]\n","  [3. 3. 3. ... 3. 3. 3.]\n","  [3. 3. 3. ... 3. 3. 3.]\n","  [3. 3. 3. ... 3. 3. 3.]]\n","\n"," [[3. 3. 3. ... 3. 3. 3.]\n","  [3. 3. 3. ... 3. 3. 3.]\n","  [3. 3. 3. ... 3. 3. 3.]\n","  [3. 3. 3. ... 3. 3. 3.]]\n","\n"," [[3. 3. 3. ... 3. 3. 3.]\n","  [3. 3. 3. ... 3. 3. 3.]\n","  [3. 3. 3. ... 3. 3. 3.]\n","  [3. 3. 3. ... 3. 3. 3.]]]\n","[[4. 4. 4. 4. 4. 4. 4. 4. 4. 4. 4. 4. 4. 4. 4. 4. 4. 4. 4. 4. 4. 4. 4. 4.\n","  4. 4. 4. 4. 4. 4. 4. 4. 4. 4. 4. 4. 4. 4. 4. 4. 4. 4. 4. 4. 4. 4. 4. 4.\n","  4. 4.]\n"," [4. 4. 4. 4. 4. 4. 4. 4. 4. 4. 4. 4. 4. 4. 4. 4. 4. 4. 4. 4. 4. 4. 4. 4.\n","  4. 4. 4. 4. 4. 4. 4. 4. 4. 4. 4. 4. 4. 4. 4. 4. 4. 4. 4. 4. 4. 4. 4. 4.\n","  4. 4.]\n"," [4. 4. 4. 4. 4. 4. 4. 4. 4. 4. 4. 4. 4. 4. 4. 4. 4. 4. 4. 4. 4. 4. 4. 4.\n","  4. 4. 4. 4. 4. 4. 4. 4. 4. 4. 4. 4. 4. 4. 4. 4. 4. 4. 4. 4. 4. 4. 4. 4.\n","  4. 4.]\n"," [4. 4. 4. 4. 4. 4. 4. 4. 4. 4. 4. 4. 4. 4. 4. 4. 4. 4. 4. 4. 4. 4. 4. 4.\n","  4. 4. 4. 4. 4. 4. 4. 4. 4. 4. 4. 4. 4. 4. 4. 4. 4. 4. 4. 4. 4. 4. 4. 4.\n","  4. 4.]]\n","[[[0.00454315 0.00448856 0.00469425 0.00446104]\n","  [0.00448856 0.00447149 0.00466118 0.00443725]\n","  [0.00469425 0.00466118 0.00487103 0.00463073]\n","  [0.00446104 0.00443725 0.00463073 0.00440954]]\n","\n"," [[0.00460683 0.0045867  0.00459107 0.00458804]\n","  [0.0045867  0.00458307 0.00456668 0.00457621]\n","  [0.00459107 0.00456668 0.00458409 0.00456873]\n","  [0.00458804 0.00457621 0.00456873 0.00458479]]\n","\n"," [[0.00467092 0.00458822 0.00461794 0.00467671]\n","  [0.00458822 0.00452977 0.00452746 0.00459143]\n","  [0.00461794 0.00452746 0.00457738 0.00464052]\n","  [0.00467671 0.00459143 0.00464052 0.00471989]]\n","\n"," [[0.00462727 0.0046844  0.00469618 0.00469785]\n","  [0.0046844  0.00476405 0.00475302 0.00476706]\n","  [0.00469618 0.00475302 0.0047773  0.0047701 ]\n","  [0.00469785 0.00476706 0.0047701  0.00478592]]\n","\n"," [[0.00447802 0.00455511 0.00457758 0.00453631]\n","  [0.00455511 0.00465844 0.0046641  0.00462873]\n","  [0.00457758 0.0046641  0.00468809 0.00464078]\n","  [0.00453631 0.00462873 0.00464078 0.00460924]]\n","\n"," [[0.00492038 0.00474476 0.00480592 0.00481346]\n","  [0.00474476 0.00458611 0.00464263 0.00464886]\n","  [0.00480592 0.00464263 0.00471219 0.0047085 ]\n","  [0.00481346 0.00464886 0.0047085  0.00472617]]\n","\n"," [[0.00450681 0.00458488 0.00452761 0.00455685]\n","  [0.00458488 0.0046825  0.00461769 0.00464201]\n","  [0.00452761 0.00461769 0.00457504 0.00458316]\n","  [0.00455685 0.00464201 0.00458316 0.00463596]]\n","\n"," [[0.00458722 0.00452033 0.00469925 0.00454488]\n","  [0.00452033 0.00447233 0.00463017 0.00448715]\n","  [0.00469925 0.00463017 0.00482964 0.00466014]\n","  [0.00454488 0.00448715 0.00466014 0.00451433]]\n","\n"," [[0.00474914 0.00472842 0.00470105 0.00455329]\n","  [0.00472842 0.0047242  0.0046883  0.00453248]\n","  [0.00470105 0.0046883  0.00468306 0.00449896]\n","  [0.00455329 0.00453248 0.00449896 0.00438102]]\n","\n"," [[0.00451241 0.00460351 0.00454933 0.00450129]\n","  [0.00460351 0.00472528 0.00464464 0.00459959]\n","  [0.00454933 0.00464464 0.00459911 0.00453431]\n","  [0.00450129 0.00459959 0.00453431 0.00450544]]\n","\n"," [[0.00451828 0.00453175 0.004519   0.00451587]\n","  [0.00453175 0.00456619 0.00453606 0.00454008]\n","  [0.004519   0.00453606 0.004542   0.00452955]\n","  [0.00451587 0.00454008 0.00452955 0.00453912]]\n","\n"," [[0.0046788  0.00457965 0.00466119 0.00456305]\n","  [0.00457965 0.0045236  0.00457002 0.00447654]\n","  [0.00466119 0.00457002 0.00466353 0.00455689]\n","  [0.00456305 0.00447654 0.00455689 0.00446558]]\n","\n"," [[0.00445293 0.00456347 0.00460318 0.00458301]\n","  [0.00456347 0.0046877  0.00471568 0.00470159]\n","  [0.00460318 0.00471568 0.00477985 0.0047504 ]\n","  [0.00458301 0.00470159 0.0047504  0.00475722]]\n","\n"," [[0.00463472 0.00452773 0.00466719 0.00450837]\n","  [0.00452773 0.00444979 0.00458378 0.00441361]\n","  [0.00466719 0.00458378 0.00475355 0.00455749]\n","  [0.00450837 0.00441361 0.00455749 0.00439693]]\n","\n"," [[0.00472    0.0046437  0.00472281 0.00470188]\n","  [0.0046437  0.0046182  0.00466768 0.00465362]\n","  [0.00472281 0.00466768 0.00474403 0.00473131]\n","  [0.00470188 0.00465362 0.00473131 0.0047299 ]]\n","\n"," [[0.00448088 0.00457402 0.00445343 0.00468132]\n","  [0.00457402 0.00470198 0.00457939 0.00480615]\n","  [0.00445343 0.00457939 0.00446541 0.00468427]\n","  [0.00468132 0.00480615 0.00468427 0.0049295 ]]\n","\n"," [[0.00463128 0.00468138 0.00470944 0.00477517]\n","  [0.00468138 0.00475652 0.00477725 0.00482312]\n","  [0.00470944 0.00477725 0.00482233 0.00487279]\n","  [0.00477517 0.00482312 0.00487279 0.00494448]]\n","\n"," [[0.00483083 0.00472872 0.00467565 0.00464369]\n","  [0.00472872 0.0046757  0.00460303 0.00455472]\n","  [0.00467565 0.00460303 0.00455362 0.0045086 ]\n","  [0.00464369 0.00455472 0.0045086  0.00448193]]\n","\n"," [[0.00475758 0.00461243 0.00473597 0.0047073 ]\n","  [0.00461243 0.00448853 0.00459108 0.00456793]\n","  [0.00473597 0.00459108 0.00472789 0.0046842 ]\n","  [0.0047073  0.00456793 0.0046842  0.00467271]]\n","\n"," [[0.00458889 0.00462291 0.00453803 0.00475938]\n","  [0.00462291 0.00467842 0.00457606 0.0047944 ]\n","  [0.00453803 0.00457606 0.00452958 0.00471494]\n","  [0.00475938 0.0047944  0.00471494 0.00494981]]\n","\n"," [[0.00455078 0.00457032 0.00450916 0.00464241]\n","  [0.00457032 0.00463214 0.00453972 0.00466583]\n","  [0.00450916 0.00453972 0.00449459 0.00461057]\n","  [0.00464241 0.00466583 0.00461057 0.00475922]]\n","\n"," [[0.00481594 0.00478677 0.00473398 0.00466095]\n","  [0.00478677 0.00476284 0.00470579 0.00463086]\n","  [0.00473398 0.00470579 0.00466239 0.00458371]\n","  [0.00466095 0.00463086 0.00458371 0.00453329]]\n","\n"," [[0.00467381 0.00463344 0.00470551 0.00466702]\n","  [0.00463344 0.00462592 0.00469016 0.00464782]\n","  [0.00470551 0.00469016 0.00479244 0.00473548]\n","  [0.00466702 0.00464782 0.00473548 0.00470494]]\n","\n"," [[0.00467267 0.00449751 0.00466499 0.00470576]\n","  [0.00449751 0.00436056 0.00451147 0.00455021]\n","  [0.00466499 0.00451147 0.0046832  0.00471748]\n","  [0.00470576 0.00455021 0.00471748 0.00475635]]\n","\n"," [[0.00451201 0.00459295 0.00453706 0.0045868 ]\n","  [0.00459295 0.00469031 0.004628   0.0046855 ]\n","  [0.00453706 0.004628   0.00457647 0.00462672]\n","  [0.0045868  0.0046855  0.00462672 0.00469199]]\n","\n"," [[0.00474031 0.00459616 0.00476769 0.00462235]\n","  [0.00459616 0.00447095 0.00463213 0.00448506]\n","  [0.00476769 0.00463213 0.00481685 0.00464316]\n","  [0.00462235 0.00448506 0.00464316 0.00453668]]\n","\n"," [[0.00472239 0.00463079 0.00464585 0.00460692]\n","  [0.00463079 0.00455439 0.00455366 0.00452172]\n","  [0.00464585 0.00455366 0.00457653 0.00452952]\n","  [0.00460692 0.00452172 0.00452952 0.00451106]]\n","\n"," [[0.00450673 0.0044513  0.00456104 0.00470821]\n","  [0.0044513  0.00441425 0.00451736 0.0046564 ]\n","  [0.00456104 0.00451736 0.00465912 0.00477569]\n","  [0.00470821 0.0046564  0.00477569 0.00493241]]\n","\n"," [[0.00451819 0.00454516 0.00455791 0.00461134]\n","  [0.00454516 0.00459725 0.00460554 0.00464149]\n","  [0.00455791 0.00460554 0.00463454 0.00465483]\n","  [0.00461134 0.00464149 0.00465483 0.00471991]]\n","\n"," [[0.00470798 0.00457217 0.00453602 0.00471657]\n","  [0.00457217 0.00445252 0.00440892 0.00459175]\n","  [0.00453602 0.00440892 0.00439419 0.00454836]\n","  [0.00471657 0.00459175 0.00454836 0.00475028]]\n","\n"," [[0.00452485 0.00460308 0.00458383 0.00449921]\n","  [0.00460308 0.00470312 0.00467835 0.00458539]\n","  [0.00458383 0.00467835 0.0046688  0.00457462]\n","  [0.00449921 0.00458539 0.00457462 0.00448959]]\n","\n"," [[0.00443772 0.00447725 0.00450215 0.00453463]\n","  [0.00447725 0.00454265 0.00455194 0.00458442]\n","  [0.00450215 0.00455194 0.00460677 0.0046053 ]\n","  [0.00453463 0.00458442 0.0046053  0.00464217]]\n","\n"," [[0.00472009 0.00463081 0.00467496 0.0046651 ]\n","  [0.00463081 0.00454952 0.00458431 0.0045869 ]\n","  [0.00467496 0.00458431 0.00464996 0.0046277 ]\n","  [0.0046651  0.0045869  0.0046277  0.00463459]]\n","\n"," [[0.00446427 0.00457101 0.00467376 0.00443486]\n","  [0.00457101 0.00468731 0.00478661 0.00454534]\n","  [0.00467376 0.00478661 0.00490591 0.00465392]\n","  [0.00443486 0.00454534 0.00465392 0.00443686]]\n","\n"," [[0.00467793 0.00463894 0.00464029 0.00460101]\n","  [0.00463894 0.00462717 0.00461235 0.00457697]\n","  [0.00464029 0.00461235 0.00462678 0.00458429]\n","  [0.00460101 0.00457697 0.00458429 0.00456757]]\n","\n"," [[0.00437899 0.00454515 0.00438319 0.00454429]\n","  [0.00454515 0.0047376  0.00455645 0.00471648]\n","  [0.00438319 0.00455645 0.00441243 0.00454874]\n","  [0.00454429 0.00471648 0.00454874 0.00472953]]\n","\n"," [[0.00475689 0.00464258 0.00474241 0.00473991]\n","  [0.00464258 0.00456483 0.00466121 0.00464768]\n","  [0.00474241 0.00466121 0.00476657 0.00474554]\n","  [0.00473991 0.00464768 0.00474554 0.00476391]]\n","\n"," [[0.00468119 0.00466727 0.00461782 0.00465945]\n","  [0.00466727 0.00467504 0.00463231 0.00467051]\n","  [0.00461782 0.00463231 0.00461066 0.00463099]\n","  [0.00465945 0.00467051 0.00463099 0.00467171]]\n","\n"," [[0.0047575  0.0046815  0.00468743 0.00464144]\n","  [0.0046815  0.00462532 0.00463132 0.00458568]\n","  [0.00468743 0.00463132 0.00465638 0.00459168]\n","  [0.00464144 0.00458568 0.00459168 0.00455468]]\n","\n"," [[0.00483355 0.00471557 0.00470389 0.00475637]\n","  [0.00471557 0.00462403 0.00459625 0.00463621]\n","  [0.00470389 0.00459625 0.00460607 0.00463016]\n","  [0.00475637 0.00463621 0.00463016 0.00470028]]\n","\n"," [[0.004653   0.00464626 0.00465312 0.0045907 ]\n","  [0.00464626 0.00467696 0.004669   0.00461286]\n","  [0.00465312 0.004669   0.00467689 0.00459954]\n","  [0.0045907  0.00461286 0.00459954 0.00457248]]\n","\n"," [[0.0045047  0.00456151 0.00469532 0.00458537]\n","  [0.00456151 0.00462493 0.00475979 0.00464315]\n","  [0.00469532 0.00475979 0.00491543 0.00477628]\n","  [0.00458537 0.00464315 0.00477628 0.00468902]]\n","\n"," [[0.00486797 0.0047177  0.00467527 0.00476395]\n","  [0.0047177  0.00460148 0.00455651 0.00462747]\n","  [0.00467527 0.00455651 0.0045328  0.00457979]\n","  [0.00476395 0.00462747 0.00457979 0.00468143]]\n","\n"," [[0.0047537  0.00462424 0.00469066 0.00480158]\n","  [0.00462424 0.00452569 0.00456996 0.00467795]\n","  [0.00469066 0.00456996 0.00465277 0.00475355]\n","  [0.00480158 0.00467795 0.00475355 0.0048783 ]]\n","\n"," [[0.00463226 0.00468144 0.00457531 0.00469368]\n","  [0.00468144 0.00476692 0.00463295 0.00475625]\n","  [0.00457531 0.00463295 0.00453244 0.00463919]\n","  [0.00469368 0.00475625 0.00463919 0.00476471]]\n","\n"," [[0.00464188 0.00457612 0.00466668 0.0045574 ]\n","  [0.00457612 0.0045489  0.00463333 0.00452217]\n","  [0.00466668 0.00463333 0.0047262  0.00461407]\n","  [0.0045574  0.00452217 0.00461407 0.00450891]]\n","\n"," [[0.00473787 0.00453652 0.00476065 0.00468762]\n","  [0.00453652 0.00436775 0.00456033 0.00449605]\n","  [0.00476065 0.00456033 0.00479184 0.004719  ]\n","  [0.00468762 0.00449605 0.004719   0.00466578]]\n","\n"," [[0.00462263 0.00464482 0.00462265 0.00456303]\n","  [0.00464482 0.00469618 0.0046385  0.00459497]\n","  [0.00462265 0.0046385  0.00463264 0.00456319]\n","  [0.00456303 0.00459497 0.00456319 0.0045327 ]]\n","\n"," [[0.00473716 0.0046917  0.00465543 0.00469035]\n","  [0.0046917  0.0046649  0.00461927 0.00466064]\n","  [0.00465543 0.00461927 0.00459001 0.00462174]\n","  [0.00469035 0.00466064 0.00462174 0.00466438]]\n","\n"," [[0.00467073 0.0046661  0.00467402 0.00464965]\n","  [0.0046661  0.00467334 0.00467141 0.00465109]\n","  [0.00467402 0.00467141 0.00469438 0.00465642]\n","  [0.00464965 0.00465109 0.00465642 0.00463806]]]\n","[[6. 6. 6. 6. 6. 6. 6. 6. 6. 6. 6. 6. 6. 6. 6. 6. 6. 6. 6. 6. 6. 6. 6. 6.\n","  6. 6. 6. 6. 6. 6. 6. 6. 6. 6. 6. 6. 6. 6. 6. 6. 6. 6. 6. 6. 6. 6. 6. 6.\n","  6. 6.]\n"," [6. 6. 6. 6. 6. 6. 6. 6. 6. 6. 6. 6. 6. 6. 6. 6. 6. 6. 6. 6. 6. 6. 6. 6.\n","  6. 6. 6. 6. 6. 6. 6. 6. 6. 6. 6. 6. 6. 6. 6. 6. 6. 6. 6. 6. 6. 6. 6. 6.\n","  6. 6.]\n"," [6. 6. 6. 6. 6. 6. 6. 6. 6. 6. 6. 6. 6. 6. 6. 6. 6. 6. 6. 6. 6. 6. 6. 6.\n","  6. 6. 6. 6. 6. 6. 6. 6. 6. 6. 6. 6. 6. 6. 6. 6. 6. 6. 6. 6. 6. 6. 6. 6.\n","  6. 6.]\n"," [6. 6. 6. 6. 6. 6. 6. 6. 6. 6. 6. 6. 6. 6. 6. 6. 6. 6. 6. 6. 6. 6. 6. 6.\n","  6. 6. 6. 6. 6. 6. 6. 6. 6. 6. 6. 6. 6. 6. 6. 6. 6. 6. 6. 6. 6. 6. 6. 6.\n","  6. 6.]\n"," [6. 6. 6. 6. 6. 6. 6. 6. 6. 6. 6. 6. 6. 6. 6. 6. 6. 6. 6. 6. 6. 6. 6. 6.\n","  6. 6. 6. 6. 6. 6. 6. 6. 6. 6. 6. 6. 6. 6. 6. 6. 6. 6. 6. 6. 6. 6. 6. 6.\n","  6. 6.]\n"," [6. 6. 6. 6. 6. 6. 6. 6. 6. 6. 6. 6. 6. 6. 6. 6. 6. 6. 6. 6. 6. 6. 6. 6.\n","  6. 6. 6. 6. 6. 6. 6. 6. 6. 6. 6. 6. 6. 6. 6. 6. 6. 6. 6. 6. 6. 6. 6. 6.\n","  6. 6.]\n"," [6. 6. 6. 6. 6. 6. 6. 6. 6. 6. 6. 6. 6. 6. 6. 6. 6. 6. 6. 6. 6. 6. 6. 6.\n","  6. 6. 6. 6. 6. 6. 6. 6. 6. 6. 6. 6. 6. 6. 6. 6. 6. 6. 6. 6. 6. 6. 6. 6.\n","  6. 6.]\n"," [6. 6. 6. 6. 6. 6. 6. 6. 6. 6. 6. 6. 6. 6. 6. 6. 6. 6. 6. 6. 6. 6. 6. 6.\n","  6. 6. 6. 6. 6. 6. 6. 6. 6. 6. 6. 6. 6. 6. 6. 6. 6. 6. 6. 6. 6. 6. 6. 6.\n","  6. 6.]\n"," [6. 6. 6. 6. 6. 6. 6. 6. 6. 6. 6. 6. 6. 6. 6. 6. 6. 6. 6. 6. 6. 6. 6. 6.\n","  6. 6. 6. 6. 6. 6. 6. 6. 6. 6. 6. 6. 6. 6. 6. 6. 6. 6. 6. 6. 6. 6. 6. 6.\n","  6. 6.]]\n","[[1.0080168  1.02833266 1.05142752 1.02752656 1.03439859 1.08259019\n","  1.0583111  1.02877261 1.05929671]\n"," [1.03541598 1.05619493 1.02877556 1.04450863 1.03680725 1.01098029\n","  1.01274639 1.05619467 1.02096751]\n"," [1.03604636 1.04634968 1.07616375 1.0888474  1.08377636 1.03496602\n","  1.0460791  1.06529603 1.06318329]\n"," [1.07107272 1.04715123 1.05420306 1.04959538 1.07690053 1.06259901\n","  1.05993789 1.07052892 1.01449687]\n"," [1.0309935  1.09915151 1.06243909 1.05124461 1.08257999 1.03099198\n","  1.07472374 1.0954312  1.02991025]\n"," [1.09810612 1.04704762 1.07429032 1.02805641 1.05227184 1.01549923\n","  1.07474922 1.0388068  1.07494687]\n"," [1.00621321 1.00274521 1.08316763 1.05076093 1.02361    1.00176068\n","  1.02355075 1.03542002 1.06751256]\n"," [1.051153   1.01225848 1.09438959 1.07787294 1.03124473 1.00310201\n","  1.03155916 1.06199483 1.0029839 ]\n"," [1.06040656 1.09398823 1.09676595 1.0731495  1.05330189 1.08155256\n","  1.06271047 1.09634724 1.07296147]\n"," [1.0775491  1.06227035 1.02333893 1.06094353 1.02442345 1.04000526\n","  1.00599332 1.09746429 1.07715613]\n"," [1.09154802 1.08942948 1.08368497 1.02876854 1.06956401 1.05398492\n","  1.07432605 1.03500786 1.09944568]\n"," [1.08807566 1.04541271 1.0709774  1.03867511 1.03887558 1.06656967\n","  1.09699782 1.01759074 1.00356292]\n"," [1.03741227 1.04775435 1.02909235 1.09589972 1.08460592 1.05297625\n","  1.03291992 1.04342824 1.03802265]\n"," [1.02441248 1.07081706 1.05176968 1.01259842 1.07416064 1.07140202\n","  1.02527205 1.00971317 1.04981679]\n"," [1.04954099 1.07997207 1.07234517 1.02914486 1.0724846  1.08770057\n","  1.08063275 1.07948134 1.07690414]\n"," [1.04658682 1.07423297 1.03885676 1.01356949 1.02828893 1.07318836\n","  1.00348126 1.08690158 1.01924245]\n"," [1.02775487 1.07355136 1.03155478 1.06528929 1.06314531 1.05126596\n","  1.02328329 1.04675184 1.07616152]\n"," [1.07277272 1.06370452 1.03880122 1.02810989 1.00396471 1.06425698\n","  1.02787448 1.07311423 1.09717067]\n"," [1.02219506 1.03529437 1.0619085  1.09125393 1.03031817 1.02285077\n","  1.08390683 1.04861376 1.04064242]\n"," [1.01481618 1.09403187 1.06888452 1.03986509 1.09599387 1.01033088\n","  1.02580511 1.04027644 1.05804255]\n"," [1.04585098 1.05422496 1.006783   1.04885411 1.00606789 1.0303182\n","  1.00152262 1.05507389 1.0943666 ]\n"," [1.06818879 1.02451665 1.087546   1.03943576 1.06075048 1.06914472\n","  1.05803247 1.0591189  1.08749396]\n"," [1.01561287 1.08788256 1.07387299 1.05494176 1.06607073 1.09293867\n","  1.00498794 1.02883042 1.08822929]\n"," [1.09764102 1.05253802 1.00112035 1.08838034 1.00708402 1.04151441\n","  1.04739225 1.00943628 1.06847735]\n"," [1.05880428 1.07201268 1.01530029 1.01041541 1.0979902  1.08744127\n","  1.04652086 1.06780703 1.06415003]\n"," [1.03101742 1.02976973 1.08478899 1.06623976 1.03197444 1.07108166\n","  1.05297302 1.06521863 1.06997349]\n"," [1.00906611 1.09444983 1.00231001 1.00295397 1.027883   1.01009724\n","  1.05332446 1.03557029 1.07384053]\n"," [1.0193543  1.09402882 1.07728925 1.07928269 1.01696247 1.02648114\n","  1.02047896 1.03624296 1.08757918]\n"," [1.08108266 1.03601254 1.05900637 1.03164517 1.02588514 1.07968283\n","  1.0646341  1.06001347 1.03809975]\n"," [1.02669258 1.01403522 1.03989733 1.06443893 1.05687256 1.01495492\n","  1.02832757 1.00151065 1.04835389]\n"," [1.06837521 1.05705089 1.02102048 1.01515956 1.09850395 1.07527873\n","  1.03084715 1.01783041 1.07368766]\n"," [1.06584246 1.02376142 1.00742972 1.04872038 1.09618791 1.09377851\n","  1.01599516 1.01921173 1.01140133]\n"," [1.03789411 1.04167529 1.03722898 1.02911845 1.04443468 1.05474533\n","  1.01519319 1.03922171 1.08204187]\n"," [1.00244785 1.00383748 1.00477384 1.03263061 1.02633522 1.01500293\n","  1.0484145  1.0894357  1.02935173]\n"," [1.07919341 1.07975386 1.08477861 1.00063104 1.02331644 1.07559483\n","  1.03510317 1.01437475 1.00566618]\n"," [1.00558682 1.00601434 1.09708152 1.07770529 1.02459862 1.00599522\n","  1.06129163 1.08004073 1.02093216]\n"," [1.00434715 1.03321722 1.0542578  1.01726429 1.08890917 1.06817665\n","  1.09961817 1.02634026 1.01884076]\n"," [1.05609887 1.08748795 1.01740594 1.04031489 1.0364466  1.09197057\n","  1.04068439 1.07354889 1.06301572]\n"," [1.07303959 1.03567377 1.02668211 1.01077246 1.090299   1.08551936\n","  1.0303295  1.0703103  1.01059775]\n"," [1.00391715 1.08805292 1.06969926 1.04154209 1.04995722 1.00368922\n","  1.08517268 1.02170757 1.02536549]\n"," [1.07064051 1.01018566 1.05751433 1.09874476 1.01103365 1.08833654\n","  1.08329689 1.05887978 1.01328625]\n"," [1.02810231 1.07967583 1.00952353 1.06849819 1.07657146 1.03562408\n","  1.06412418 1.06469397 1.02064101]\n"," [1.08221742 1.05820207 1.08648732 1.02922777 1.07075274 1.01079757\n","  1.02920952 1.03077207 1.01573592]\n"," [1.08756671 1.06151462 1.03259665 1.00755437 1.08125719 1.04233964\n","  1.02224623 1.06501583 1.05296438]\n"," [1.08823809 1.02833018 1.0968053  1.03892133 1.03866667 1.08020372\n","  1.04445348 1.04504502 1.07747032]\n"," [1.04400733 1.05458019 1.03363316 1.04056141 1.0099332  1.00531899\n","  1.08151938 1.05013531 1.03740761]\n"," [1.02011145 1.07865576 1.01558888 1.07514868 1.08285744 1.01620326\n","  1.00346308 1.07597111 1.00752713]\n"," [1.04583666 1.01121813 1.02507587 1.06869105 1.05540118 1.03987705\n","  1.09529992 1.02163962 1.0481993 ]\n"," [1.08067956 1.09440125 1.08772602 1.0160103  1.01484829 1.00796754\n","  1.09694293 1.00252177 1.03396679]\n"," [1.00956887 1.07677958 1.09061432 1.06326312 1.07114137 1.09946605\n","  1.00698669 1.07114453 1.01677847]]\n"]}],"source":["new_theta = lib.GLLiMParameters(L,D,K, \"full\", \"diag\")\n","print(type(new_theta))\n","\n","Gamma = np.ones((K,L,L)) + np.random.rand(K,L,L) * 0.1\n","Sigma = np.ones((K,D)) + np.random.rand(K,D) * 0.1\n","for k in range(K):\n","    Gamma[k] += np.eye(L) * 0.1\n","    Gamma[k] = np.dot(Gamma[k], Gamma[k].T) * 0.001\n","    # Sigma[k] += np.eye(D) * 0.1\n","    # Sigma[k] = np.dot(Sigma[k], Sigma[k].T) * 0.001\n","new_theta.Pi = Pi\n","new_theta.A = A * 3\n","new_theta.C = C * 2\n","new_theta.Gamma = Gamma\n","new_theta.B = B * 2\n","new_theta.Sigma = Sigma\n","print(gllim.getDimensions())\n","gllim.setParams(new_theta)\n","print(gllim.getDimensions()) # TODO ERROR GLLiM<TGamma,TSigma> dimensions are (L=4000838736, D=32766, K=4000837888)\n","theta = gllim.getParams()\n","print(theta.Pi)\n","print(theta.A)\n","print(theta.C)\n","print(theta.Gamma)\n","print(theta.B)\n","print(theta.Sigma)"]},{"cell_type":"code","execution_count":11,"metadata":{},"outputs":[{"name":"stdout","output_type":"stream","text":["[[0.02 0.02 0.02 0.02 0.02 0.02 0.02 0.02 0.02 0.02 0.02 0.02 0.02 0.02\n","  0.02 0.02 0.02 0.02 0.02 0.02 0.02 0.02 0.02 0.02 0.02 0.02 0.02 0.02\n","  0.02 0.02 0.02 0.02 0.02 0.02 0.02 0.02 0.02 0.02 0.02 0.02 0.02 0.02\n","  0.02 0.02 0.02 0.02 0.02 0.02 0.02 0.02]]\n","[[[0.00810307 0.00789029 0.00809169 ... 0.00788297 0.00770242 0.00824177]\n","  [0.00794298 0.00773506 0.00801201 ... 0.00815284 0.00760585 0.00772733]\n","  [0.00776851 0.00794122 0.00779004 ... 0.00804262 0.00765252 0.00762931]\n","  ...\n","  [0.00771798 0.0080669  0.00801408 ... 0.00752698 0.00758823 0.0082629 ]\n","  [0.00793959 0.00773506 0.00786951 ... 0.00806967 0.00830291 0.00776798]\n","  [0.0077108  0.00800195 0.00788515 ... 0.0078652  0.0080504  0.00818333]]\n","\n"," [[0.00804581 0.00786452 0.00795347 ... 0.0079348  0.00764575 0.0082424 ]\n","  [0.00788686 0.0077098  0.00787516 ... 0.00820644 0.00754989 0.00772793]\n","  [0.00771362 0.00791528 0.00765698 ... 0.0080955  0.00759622 0.0076299 ]\n","  ...\n","  [0.00766345 0.00804056 0.00787719 ... 0.00757647 0.0075324  0.00826354]\n","  [0.00788348 0.0077098  0.0077351  ... 0.00812273 0.00824182 0.00776858]\n","  [0.00765632 0.00797582 0.00775047 ... 0.00791691 0.00799117 0.00818396]]\n","\n"," [[0.00840167 0.00786363 0.00800861 ... 0.00788461 0.00758419 0.00825755]\n","  [0.00823569 0.00770892 0.00792975 ... 0.00815453 0.0074891  0.00774213]\n","  [0.00805479 0.00791438 0.00771007 ... 0.00804429 0.00753506 0.00764392]\n","  ...\n","  [0.0080024  0.00803965 0.0079318  ... 0.00752854 0.00747175 0.00827873]\n","  [0.00823216 0.00770892 0.00778872 ... 0.00807135 0.00817546 0.00778286]\n","  [0.00799495 0.00797491 0.0078042  ... 0.00786683 0.00792683 0.008199  ]]\n","\n"," [[0.00799238 0.00786672 0.00812429 ... 0.00779785 0.007646   0.00821294]\n","  [0.00783449 0.00771195 0.00804429 ... 0.00806481 0.00755013 0.0077003 ]\n","  [0.0076624  0.00791749 0.00782143 ... 0.00795578 0.00759647 0.00760262]\n","  ...\n","  [0.00761256 0.00804281 0.00804637 ... 0.0074457  0.00753264 0.008234  ]\n","  [0.00783113 0.00771195 0.00790122 ... 0.00798254 0.00824209 0.00774081]\n","  [0.00760548 0.00797804 0.00791692 ... 0.00778028 0.00799143 0.0081547 ]]]\n","[[54. 54. 54. 54. 54. 54. 54. 54. 54. 54. 54. 54. 54. 54. 54. 54. 54. 54.\n","  54. 54. 54. 54. 54. 54. 54. 54. 54. 54. 54. 54. 54. 54. 54. 54. 54. 54.\n","  54. 54. 54. 54. 54. 54. 54. 54. 54. 54. 54. 54. 54. 54.]\n"," [54. 54. 54. 54. 54. 54. 54. 54. 54. 54. 54. 54. 54. 54. 54. 54. 54. 54.\n","  54. 54. 54. 54. 54. 54. 54. 54. 54. 54. 54. 54. 54. 54. 54. 54. 54. 54.\n","  54. 54. 54. 54. 54. 54. 54. 54. 54. 54. 54. 54. 54. 54.]\n"," [54. 54. 54. 54. 54. 54. 54. 54. 54. 54. 54. 54. 54. 54. 54. 54. 54. 54.\n","  54. 54. 54. 54. 54. 54. 54. 54. 54. 54. 54. 54. 54. 54. 54. 54. 54. 54.\n","  54. 54. 54. 54. 54. 54. 54. 54. 54. 54. 54. 54. 54. 54.]\n"," [54. 54. 54. 54. 54. 54. 54. 54. 54. 54. 54. 54. 54. 54. 54. 54. 54. 54.\n","  54. 54. 54. 54. 54. 54. 54. 54. 54. 54. 54. 54. 54. 54. 54. 54. 54. 54.\n","  54. 54. 54. 54. 54. 54. 54. 54. 54. 54. 54. 54. 54. 54.]\n"," [54. 54. 54. 54. 54. 54. 54. 54. 54. 54. 54. 54. 54. 54. 54. 54. 54. 54.\n","  54. 54. 54. 54. 54. 54. 54. 54. 54. 54. 54. 54. 54. 54. 54. 54. 54. 54.\n","  54. 54. 54. 54. 54. 54. 54. 54. 54. 54. 54. 54. 54. 54.]\n"," [54. 54. 54. 54. 54. 54. 54. 54. 54. 54. 54. 54. 54. 54. 54. 54. 54. 54.\n","  54. 54. 54. 54. 54. 54. 54. 54. 54. 54. 54. 54. 54. 54. 54. 54. 54. 54.\n","  54. 54. 54. 54. 54. 54. 54. 54. 54. 54. 54. 54. 54. 54.]\n"," [54. 54. 54. 54. 54. 54. 54. 54. 54. 54. 54. 54. 54. 54. 54. 54. 54. 54.\n","  54. 54. 54. 54. 54. 54. 54. 54. 54. 54. 54. 54. 54. 54. 54. 54. 54. 54.\n","  54. 54. 54. 54. 54. 54. 54. 54. 54. 54. 54. 54. 54. 54.]\n"," [54. 54. 54. 54. 54. 54. 54. 54. 54. 54. 54. 54. 54. 54. 54. 54. 54. 54.\n","  54. 54. 54. 54. 54. 54. 54. 54. 54. 54. 54. 54. 54. 54. 54. 54. 54. 54.\n","  54. 54. 54. 54. 54. 54. 54. 54. 54. 54. 54. 54. 54. 54.]\n"," [54. 54. 54. 54. 54. 54. 54. 54. 54. 54. 54. 54. 54. 54. 54. 54. 54. 54.\n","  54. 54. 54. 54. 54. 54. 54. 54. 54. 54. 54. 54. 54. 54. 54. 54. 54. 54.\n","  54. 54. 54. 54. 54. 54. 54. 54. 54. 54. 54. 54. 54. 54.]]\n","[[[1.66538791 0.65737111 0.65737111 ... 0.65737111 0.65737111 0.65737111]\n","  [0.65737111 1.68570377 0.65737111 ... 0.65737111 0.65737111 0.65737111]\n","  [0.65737111 0.65737111 1.70879863 ... 0.65737111 0.65737111 0.65737111]\n","  ...\n","  [0.65737111 0.65737111 0.65737111 ... 1.71568222 0.65737111 0.65737111]\n","  [0.65737111 0.65737111 0.65737111 ... 0.65737111 1.68614373 0.65737111]\n","  [0.65737111 0.65737111 0.65737111 ... 0.65737111 0.65737111 1.71666783]]\n","\n"," [[1.69523847 0.65982249 0.65982249 ... 0.65982249 0.65982249 0.65982249]\n","  [0.65982249 1.71601742