{"cells":[{"cell_type":"code","execution_count":1,"metadata":{"metadata":{}},"outputs":[],"source":["import newkernelo as lib\n","import kernelo as oldker\n","import numpy as np\n","import time\n","import os.path\n","import json\n","import logging\n","logging.getLogger().setLevel(logging.INFO)"]},{"cell_type":"code","execution_count":2,"metadata":{},"outputs":[{"name":"stdout","output_type":"stream","text":["<class 'newkernelo._GLLiM_full_diag'>\u001b[39mINFO: GLLiM Parameters initialized\u001b[0m\n","\u001b[39mINFO: GLLiM dimensions are (L=4, D=9, K=50)\u001b[0m\n","\u001b[39mINFO: GLLiM constraints are :\n","\tgamma_type = 'full',\n","\tsigma_type = 'diag'.\u001b[0m\n","\n","(50, 4, 4)\n"]}],"source":["L = 4\n","D = 9\n","K = 50\n","\n","gllim = lib.GLLiM(L,D,K, gamma_type='full', sigma_type='diag')\n","print(type(gllim))\n","gllim.getDimensions()\n","gllim.getConstraints()\n","gllim.getParamPi()\n","gllim.getParamGamma()\n","print(gllim.getParamGamma().shape)\n"]},{"cell_type":"code","execution_count":3,"metadata":{},"outputs":[{"name":"stdout","output_type":"stream","text":["\u001b[39mINFO: GLLiM Parameters initialized\u001b[0m"]},{"data":{"text/plain":["<newkernelo._GLLiM_full_diag at 0x7f65ac1aa2f0>"]},"execution_count":3,"metadata":{},"output_type":"execute_result"},{"name":"stdout","output_type":"stream","text":["\n","\u001b[39mINFO: GLLiM dimensions are (L=4, D=9, K=50)\u001b[0m\n","\u001b[39mINFO: GLLiM constraints are :\n","\tgamma_type = 'full',\n","\tsigma_type = 'full'.\u001b[0m\n"]}],"source":["lib._GLLiM_full_diag(L,D,K, gamma_type='full', sigma_type='full')"]},{"cell_type":"code","execution_count":4,"metadata":{},"outputs":[{"name":"stdout","output_type":"stream","text":["GLLiM dimensions are (L=4, D=9, K=50)\n"]},{"data":{"text/plain":["(50, 4, 4)"]},"execution_count":4,"metadata":{},"output_type":"execute_result"}],"source":["print(gllim.getDimensions())\n","gllim.getParams()\n","gllim.getParamGamma().shape"]},{"cell_type":"code","execution_count":5,"metadata":{},"outputs":[{"name":"stdout","output_type":"stream","text":["[[0. 0. 0. 0. 0. 0. 0. 0. 0. 0. 0. 0. 0. 0. 0. 0. 0. 0. 0. 0. 0. 0. 0. 0.\n","  0. 0. 0. 0. 0. 0. 0. 0. 0. 0. 0. 0. 0. 0. 0. 0. 0. 0. 0. 0. 0. 0. 0. 0.\n","  0. 0.]]\n","(9, 4, 50)\n","GLLiM dimensions are (L=4, D=9, K=50)\n"]}],"source":["theta = gllim.getParams()\n","print(theta.Pi)\n","print(theta.A.shape)\n","# print(theta.L)\n","print(gllim.getDimensions())"]},{"cell_type":"code","execution_count":6,"metadata":{},"outputs":[{"name":"stdout","output_type":"stream","text":["GLLiM dimensions are (L=4, D=9, K=50)\n"]}],"source":["gllim.getParams()\n","gllim.getParamPi()\n","gllim.getParamA()\n","gllim.getParamC()\n","gllim.getParamGamma()\n","gllim.getParamB()\n","gllim.getParamSigma()\n","print(gllim.getDimensions())"]},{"cell_type":"code","execution_count":7,"metadata":{},"outputs":[{"name":"stdout","output_type":"stream","text":["GLLiM dimensions are (L=4, D=9, K=50)\n"]}],"source":["gllim.getInverse().C\n","print(gllim.getDimensions())"]},{"cell_type":"code","execution_count":8,"metadata":{},"outputs":[{"name":"stdout","output_type":"stream","text":["(50, 4, 4)\n","[[0.02 0.02 0.02 0.02 0.02 0.02 0.02 0.02 0.02 0.02 0.02 0.02 0.02 0.02\n","  0.02 0.02 0.02 0.02 0.02 0.02 0.02 0.02 0.02 0.02 0.02 0.02 0.02 0.02\n","  0.02 0.02 0.02 0.02 0.02 0.02 0.02 0.02 0.02 0.02 0.02 0.02 0.02 0.02\n","  0.02 0.02 0.02 0.02 0.02 0.02 0.02 0.02]]\n","[[[1. 1. 1. ... 1. 1. 1.]\n","  [1. 1. 1. ... 1. 1. 1.]\n","  [1. 1. 1. ... 1. 1. 1.]\n","  [1. 1. 1. ... 1. 1. 1.]]\n","\n"," [[1. 1. 1. ... 1. 1. 1.]\n","  [1. 1. 1. ... 1. 1. 1.]\n","  [1. 1. 1. ... 1. 1. 1.]\n","  [1. 1. 1. ... 1. 1. 1.]]\n","\n"," [[1. 1. 1. ... 1. 1. 1.]\n","  [1. 1. 1. ... 1. 1. 1.]\n","  [1. 1. 1. ... 1. 1. 1.]\n","  [1. 1. 1. ... 1. 1. 1.]]\n","\n"," ...\n","\n"," [[1. 1. 1. ... 1. 1. 1.]\n","  [1. 1. 1. ... 1. 1. 1.]\n","  [1. 1. 1. ... 1. 1. 1.]\n","  [1. 1. 1. ... 1. 1. 1.]]\n","\n"," [[1. 1. 1. ... 1. 1. 1.]\n","  [1. 1. 1. ... 1. 1. 1.]\n","  [1. 1. 1. ... 1. 1. 1.]\n","  [1. 1. 1. ... 1. 1. 1.]]\n","\n"," [[1. 1. 1. ... 1. 1. 1.]\n","  [1. 1. 1. ... 1. 1. 1.]\n","  [1. 1. 1. ... 1. 1. 1.]\n","  [1. 1. 1. ... 1. 1. 1.]]]\n","[[2. 2. 2. 2. 2. 2. 2. 2. 2. 2. 2. 2. 2. 2. 2. 2. 2. 2. 2. 2. 2. 2. 2. 2.\n","  2. 2. 2. 2. 2. 2. 2. 2. 2. 2. 2. 2. 2. 2. 2. 2. 2. 2. 2. 2. 2. 2. 2. 2.\n","  2. 2.]\n"," [2. 2. 2. 2. 2. 2. 2. 2. 2. 2. 2. 2. 2. 2. 2. 2. 2. 2. 2. 2. 2. 2. 2. 2.\n","  2. 2. 2. 2. 2. 2. 2. 2. 2. 2. 2. 2. 2. 2. 2. 2. 2. 2. 2. 2. 2. 2. 2. 2.\n","  2. 2.]\n"," [2. 2. 2. 2. 2. 2. 2. 2. 2. 2. 2. 2. 2. 2. 2. 2. 2. 2. 2. 2. 2. 2. 2. 2.\n","  2. 2. 2. 2. 2. 2. 2. 2. 2. 2. 2. 2. 2. 2. 2. 2. 2. 2. 2. 2. 2. 2. 2. 2.\n","  2. 2.]\n"," [2. 2. 2. 2. 2. 2. 2. 2. 2. 2. 2. 2. 2. 2. 2. 2. 2. 2. 2. 2. 2. 2. 2. 2.\n","  2. 2. 2. 2. 2. 2. 2. 2. 2. 2. 2. 2. 2. 2. 2. 2. 2. 2. 2. 2. 2. 2. 2. 2.\n","  2. 2.]]\n","[[[0.2 0.2 0.2 0.2]\n","  [0.2 0.2 0.2 0.2]\n","  [0.2 0.2 0.2 0.2]\n","  [0.2 0.2 0.2 0.2]]\n","\n"," [[0.2 0.2 0.2 0.2]\n","  [0.2 0.2 0.2 0.2]\n","  [0.2 0.2 0.2 0.2]\n","  [0.2 0.2 0.2 0.2]]\n","\n"," [[0.2 0.2 0.2 0.2]\n","  [0.2 0.2 0.2 0.2]\n","  [0.2 0.2 0.2 0.2]\n","  [0.2 0.2 0.2 0.2]]\n","\n"," [[0.2 0.2 0.2 0.2]\n","  [0.2 0.2 0.2 0.2]\n","  [0.2 0.2 0.2 0.2]\n","  [0.2 0.2 0.2 0.2]]\n","\n"," [[0.2 0.2 0.2 0.2]\n","  [0.2 0.2 0.2 0.2]\n","  [0.2 0.2 0.2 0.2]\n","  [0.2 0.2 0.2 0.2]]\n","\n"," [[0.2 0.2 0.2 0.2]\n","  [0.2 0.2 0.2 0.2]\n","  [0.2 0.2 0.2 0.2]\n","  [0.2 0.2 0.2 0.2]]\n","\n"," [[0.2 0.2 0.2 0.2]\n","  [0.2 0.2 0.2 0.2]\n","  [0.2 0.2 0.2 0.2]\n","  [0.2 0.2 0.2 0.2]]\n","\n"," [[0.2 0.2 0.2 0.2]\n","  [0.2 0.2 0.2 0.2]\n","  [0.2 0.2 0.2 0.2]\n","  [0.2 0.2 0.2 0.2]]\n","\n"," [[0.2 0.2 0.2 0.2]\n","  [0.2 0.2 0.2 0.2]\n","  [0.2 0.2 0.2 0.2]\n","  [0.2 0.2 0.2 0.2]]\n","\n"," [[0.2 0.2 0.2 0.2]\n","  [0.2 0.2 0.2 0.2]\n","  [0.2 0.2 0.2 0.2]\n","  [0.2 0.2 0.2 0.2]]\n","\n"," [[0.2 0.2 0.2 0.2]\n","  [0.2 0.2 0.2 0.2]\n","  [0.2 0.2 0.2 0.2]\n","  [0.2 0.2 0.2 0.2]]\n","\n"," [[0.2 0.2 0.2 0.2]\n","  [0.2 0.2 0.2 0.2]\n","  [0.2 0.2 0.2 0.2]\n","  [0.2 0.2 0.2 0.2]]\n","\n"," [[0.2 0.2 0.2 0.2]\n","  [0.2 0.2 0.2 0.2]\n","  [0.2 0.2 0.2 0.2]\n","  [0.2 0.2 0.2 0.2]]\n","\n"," [[0.2 0.2 0.2 0.2]\n","  [0.2 0.2 0.2 0.2]\n","  [0.2 0.2 0.2 0.2]\n","  [0.2 0.2 0.2 0.2]]\n","\n"," [[0.2 0.2 0.2 0.2]\n","  [0.2 0.2 0.2 0.2]\n","  [0.2 0.2 0.2 0.2]\n","  [0.2 0.2 0.2 0.2]]\n","\n"," [[0.2 0.2 0.2 0.2]\n","  [0.2 0.2 0.2 0.2]\n","  [0.2 0.2 0.2 0.2]\n","  [0.2 0.2 0.2 0.2]]\n","\n"," [[0.2 0.2 0.2 0.2]\n","  [0.2 0.2 0.2 0.2]\n","  [0.2 0.2 0.2 0.2]\n","  [0.2 0.2 0.2 0.2]]\n","\n"," [[0.2 0.2 0.2 0.2]\n","  [0.2 0.2 0.2 0.2]\n","  [0.2 0.2 0.2 0.2]\n","  [0.2 0.2 0.2 0.2]]\n","\n"," [[0.2 0.2 0.2 0.2]\n","  [0.2 0.2 0.2 0.2]\n","  [0.2 0.2 0.2 0.2]\n","  [0.2 0.2 0.2 0.2]]\n","\n"," [[0.2 0.2 0.2 0.2]\n","  [0.2 0.2 0.2 0.2]\n","  [0.2 0.2 0.2 0.2]\n","  [0.2 0.2 0.2 0.2]]\n","\n"," [[0.2 0.2 0.2 0.2]\n","  [0.2 0.2 0.2 0.2]\n","  [0.2 0.2 0.2 0.2]\n","  [0.2 0.2 0.2 0.2]]\n","\n"," [[0.2 0.2 0.2 0.2]\n","  [0.2 0.2 0.2 0.2]\n","  [0.2 0.2 0.2 0.2]\n","  [0.2 0.2 0.2 0.2]]\n","\n"," [[0.2 0.2 0.2 0.2]\n","  [0.2 0.2 0.2 0.2]\n","  [0.2 0.2 0.2 0.2]\n","  [0.2 0.2 0.2 0.2]]\n","\n"," [[0.2 0.2 0.2 0.2]\n","  [0.2 0.2 0.2 0.2]\n","  [0.2 0.2 0.2 0.2]\n","  [0.2 0.2 0.2 0.2]]\n","\n"," [[0.2 0.2 0.2 0.2]\n","  [0.2 0.2 0.2 0.2]\n","  [0.2 0.2 0.2 0.2]\n","  [0.2 0.2 0.2 0.2]]\n","\n"," [[0.2 0.2 0.2 0.2]\n","  [0.2 0.2 0.2 0.2]\n","  [0.2 0.2 0.2 0.2]\n","  [0.2 0.2 0.2 0.2]]\n","\n"," [[0.2 0.2 0.2 0.2]\n","  [0.2 0.2 0.2 0.2]\n","  [0.2 0.2 0.2 0.2]\n","  [0.2 0.2 0.2 0.2]]\n","\n"," [[0.2 0.2 0.2 0.2]\n","  [0.2 0.2 0.2 0.2]\n","  [0.2 0.2 0.2 0.2]\n","  [0.2 0.2 0.2 0.2]]\n","\n"," [[0.2 0.2 0.2 0.2]\n","  [0.2 0.2 0.2 0.2]\n","  [0.2 0.2 0.2 0.2]\n","  [0.2 0.2 0.2 0.2]]\n","\n"," [[0.2 0.2 0.2 0.2]\n","  [0.2 0.2 0.2 0.2]\n","  [0.2 0.2 0.2 0.2]\n","  [0.2 0.2 0.2 0.2]]\n","\n"," [[0.2 0.2 0.2 0.2]\n","  [0.2 0.2 0.2 0.2]\n","  [0.2 0.2 0.2 0.2]\n","  [0.2 0.2 0.2 0.2]]\n","\n"," [[0.2 0.2 0.2 0.2]\n","  [0.2 0.2 0.2 0.2]\n","  [0.2 0.2 0.2 0.2]\n","  [0.2 0.2 0.2 0.2]]\n","\n"," [[0.2 0.2 0.2 0.2]\n","  [0.2 0.2 0.2 0.2]\n","  [0.2 0.2 0.2 0.2]\n","  [0.2 0.2 0.2 0.2]]\n","\n"," [[0.2 0.2 0.2 0.2]\n","  [0.2 0.2 0.2 0.2]\n","  [0.2 0.2 0.2 0.2]\n","  [0.2 0.2 0.2 0.2]]\n","\n"," [[0.2 0.2 0.2 0.2]\n","  [0.2 0.2 0.2 0.2]\n","  [0.2 0.2 0.2 0.2]\n","  [0.2 0.2 0.2 0.2]]\n","\n"," [[0.2 0.2 0.2 0.2]\n","  [0.2 0.2 0.2 0.2]\n","  [0.2 0.2 0.2 0.2]\n","  [0.2 0.2 0.2 0.2]]\n","\n"," [[0.2 0.2 0.2 0.2]\n","  [0.2 0.2 0.2 0.2]\n","  [0.2 0.2 0.2 0.2]\n","  [0.2 0.2 0.2 0.2]]\n","\n"," [[0.2 0.2 0.2 0.2]\n","  [0.2 0.2 0.2 0.2]\n","  [0.2 0.2 0.2 0.2]\n","  [0.2 0.2 0.2 0.2]]\n","\n"," [[0.2 0.2 0.2 0.2]\n","  [0.2 0.2 0.2 0.2]\n","  [0.2 0.2 0.2 0.2]\n","  [0.2 0.2 0.2 0.2]]\n","\n"," [[0.2 0.2 0.2 0.2]\n","  [0.2 0.2 0.2 0.2]\n","  [0.2 0.2 0.2 0.2]\n","  [0.2 0.2 0.2 0.2]]\n","\n"," [[0.2 0.2 0.2 0.2]\n","  [0.2 0.2 0.2 0.2]\n","  [0.2 0.2 0.2 0.2]\n","  [0.2 0.2 0.2 0.2]]\n","\n"," [[0.2 0.2 0.2 0.2]\n","  [0.2 0.2 0.2 0.2]\n","  [0.2 0.2 0.2 0.2]\n","  [0.2 0.2 0.2 0.2]]\n","\n"," [[0.2 0.2 0.2 0.2]\n","  [0.2 0.2 0.2 0.2]\n","  [0.2 0.2 0.2 0.2]\n","  [0.2 0.2 0.2 0.2]]\n","\n"," [[0.2 0.2 0.2 0.2]\n","  [0.2 0.2 0.2 0.2]\n","  [0.2 0.2 0.2 0.2]\n","  [0.2 0.2 0.2 0.2]]\n","\n"," [[0.2 0.2 0.2 0.2]\n","  [0.2 0.2 0.2 0.2]\n","  [0.2 0.2 0.2 0.2]\n","  [0.2 0.2 0.2 0.2]]\n","\n"," [[0.2 0.2 0.2 0.2]\n","  [0.2 0.2 0.2 0.2]\n","  [0.2 0.2 0.2 0.2]\n","  [0.2 0.2 0.2 0.2]]\n","\n"," [[0.2 0.2 0.2 0.2]\n","  [0.2 0.2 0.2 0.2]\n","  [0.2 0.2 0.2 0.2]\n","  [0.2 0.2 0.2 0.2]]\n","\n"," [[0.2 0.2 0.2 0.2]\n","  [0.2 0.2 0.2 0.2]\n","  [0.2 0.2 0.2 0.2]\n","  [0.2 0.2 0.2 0.2]]\n","\n"," [[0.2 0.2 0.2 0.2]\n","  [0.2 0.2 0.2 0.2]\n","  [0.2 0.2 0.2 0.2]\n","  [0.2 0.2 0.2 0.2]]\n","\n"," [[0.2 0.2 0.2 0.2]\n","  [0.2 0.2 0.2 0.2]\n","  [0.2 0.2 0.2 0.2]\n","  [0.2 0.2 0.2 0.2]]]\n","[[3. 3. 3. 3. 3. 3. 3. 3. 3. 3. 3. 3. 3. 3. 3. 3. 3. 3. 3. 3. 3. 3. 3. 3.\n","  3. 3. 3. 3. 3. 3. 3. 3. 3. 3. 3. 3. 3. 3. 3. 3. 3. 3. 3. 3. 3. 3. 3. 3.\n","  3. 3.]\n"," [3. 3. 3. 3. 3. 3. 3. 3. 3. 3. 3. 3. 3. 3. 3. 3. 3. 3. 3. 3. 3. 3. 3. 3.\n","  3. 3. 3. 3. 3. 3. 3. 3. 3. 3. 3. 3. 3. 3. 3. 3. 3. 3. 3. 3. 3. 3. 3. 3.\n","  3. 3.]\n"," [3. 3. 3. 3. 3. 3. 3. 3. 3. 3. 3. 3. 3. 3. 3. 3. 3. 3. 3. 3. 3. 3. 3. 3.\n","  3. 3. 3. 3. 3. 3. 3. 3. 3. 3. 3. 3. 3. 3. 3. 3. 3. 3. 3. 3. 3. 3. 3. 3.\n","  3. 3.]\n"," [3. 3. 3. 3. 3. 3. 3. 3. 3. 3. 3. 3. 3. 3. 3. 3. 3. 3. 3. 3. 3. 3. 3. 3.\n","  3. 3. 3. 3. 3. 3. 3. 3. 3. 3. 3. 3. 3. 3. 3. 3. 3. 3. 3. 3. 3. 3. 3. 3.\n","  3. 3.]\n"," [3. 3. 3. 3. 3. 3. 3. 3. 3. 3. 3. 3. 3. 3. 3. 3. 3. 3. 3. 3. 3. 3. 3. 3.\n","  3. 3. 3. 3. 3. 3. 3. 3. 3. 3. 3. 3. 3. 3. 3. 3. 3. 3. 3. 3. 3. 3. 3. 3.\n","  3. 3.]\n"," [3. 3. 3. 3. 3. 3. 3. 3. 3. 3. 3. 3. 3. 3. 3. 3. 3. 3. 3. 3. 3. 3. 3. 3.\n","  3. 3. 3. 3. 3. 3. 3. 3. 3. 3. 3. 3. 3. 3. 3. 3. 3. 3. 3. 3. 3. 3. 3. 3.\n","  3. 3.]\n"," [3. 3. 3. 3. 3. 3. 3. 3. 3. 3. 3. 3. 3. 3. 3. 3. 3. 3. 3. 3. 3. 3. 3. 3.\n","  3. 3. 3. 3. 3. 3. 3. 3. 3. 3. 3. 3. 3. 3. 3. 3. 3. 3. 3. 3. 3. 3. 3. 3.\n","  3. 3.]\n"," [3. 3. 3. 3. 3. 3. 3. 3. 3. 3. 3. 3. 3. 3. 3. 3. 3. 3. 3. 3. 3. 3. 3. 3.\n","  3. 3. 3. 3. 3. 3. 3. 3. 3. 3. 3. 3. 3. 3. 3. 3. 3. 3. 3. 3. 3. 3. 3. 3.\n","  3. 3.]\n"," [3. 3. 3. 3. 3. 3. 3. 3. 3. 3. 3. 3. 3. 3. 3. 3. 3. 3. 3. 3. 3. 3. 3. 3.\n","  3. 3. 3. 3. 3. 3. 3. 3. 3. 3. 3. 3. 3. 3. 3. 3. 3. 3. 3. 3. 3. 3. 3. 3.\n","  3. 3.]]\n","[[0.3 0.3 0.3 0.3 0.3 0.3 0.3 0.3 0.3]\n"," [0.3 0.3 0.3 0.3 0.3 0.3 0.3 0.3 0.3]\n"," [0.3 0.3 0.3 0.3 0.3 0.3 0.3 0.3 0.3]\n"," [0.3 0.3 0.3 0.3 0.3 0.3 0.3 0.3 0.3]\n"," [0.3 0.3 0.3 0.3 0.3 0.3 0.3 0.3 0.3]\n"," [0.3 0.3 0.3 0.3 0.3 0.3 0.3 0.3 0.3]\n"," [0.3 0.3 0.3 0.3 0.3 0.3 0.3 0.3 0.3]\n"," [0.3 0.3 0.3 0.3 0.3 0.3 0.3 0.3 0.3]\n"," [0.3 0.3 0.3 0.3 0.3 0.3 0.3 0.3 0.3]\n"," [0.3 0.3 0.3 0.3 0.3 0.3 0.3 0.3 0.3]\n"," [0.3 0.3 0.3 0.3 0.3 0.3 0.3 0.3 0.3]\n"," [0.3 0.3 0.3 0.3 0.3 0.3 0.3 0.3 0.3]\n"," [0.3 0.3 0.3 0.3 0.3 0.3 0.3 0.3 0.3]\n"," [0.3 0.3 0.3 0.3 0.3 0.3 0.3 0.3 0.3]\n"," [0.3 0.3 0.3 0.3 0.3 0.3 0.3 0.3 0.3]\n"," [0.3 0.3 0.3 0.3 0.3 0.3 0.3 0.3 0.3]\n"," [0.3 0.3 0.3 0.3 0.3 0.3 0.3 0.3 0.3]\n"," [0.3 0.3 0.3 0.3 0.3 0.3 0.3 0.3 0.3]\n"," [0.3 0.3 0.3 0.3 0.3 0.3 0.3 0.3 0.3]\n"," [0.3 0.3 0.3 0.3 0.3 0.3 0.3 0.3 0.3]\n"," [0.3 0.3 0.3 0.3 0.3 0.3 0.3 0.3 0.3]\n"," [0.3 0.3 0.3 0.3 0.3 0.3 0.3 0.3 0.3]\n"," [0.3 0.3 0.3 0.3 0.3 0.3 0.3 0.3 0.3]\n"," [0.3 0.3 0.3 0.3 0.3 0.3 0.3 0.3 0.3]\n"," [0.3 0.3 0.3 0.3 0.3 0.3 0.3 0.3 0.3]\n"," [0.3 0.3 0.3 0.3 0.3 0.3 0.3 0.3 0.3]\n"," [0.3 0.3 0.3 0.3 0.3 0.3 0.3 0.3 0.3]\n"," [0.3 0.3 0.3 0.3 0.3 0.3 0.3 0.3 0.3]\n"," [0.3 0.3 0.3 0.3 0.3 0.3 0.3 0.3 0.3]\n"," [0.3 0.3 0.3 0.3 0.3 0.3 0.3 0.3 0.3]\n"," [0.3 0.3 0.3 0.3 0.3 0.3 0.3 0.3 0.3]\n"," [0.3 0.3 0.3 0.3 0.3 0.3 0.3 0.3 0.3]\n"," [0.3 0.3 0.3 0.3 0.3 0.3 0.3 0.3 0.3]\n"," [0.3 0.3 0.3 0.3 0.3 0.3 0.3 0.3 0.3]\n"," [0.3 0.3 0.3 0.3 0.3 0.3 0.3 0.3 0.3]\n"," [0.3 0.3 0.3 0.3 0.3 0.3 0.3 0.3 0.3]\n"," [0.3 0.3 0.3 0.3 0.3 0.3 0.3 0.3 0.3]\n"," [0.3 0.3 0.3 0.3 0.3 0.3 0.3 0.3 0.3]\n"," [0.3 0.3 0.3 0.3 0.3 0.3 0.3 0.3 0.3]\n"," [0.3 0.3 0.3 0.3 0.3 0.3 0.3 0.3 0.3]\n"," [0.3 0.3 0.3 0.3 0.3 0.3 0.3 0.3 0.3]\n"," [0.3 0.3 0.3 0.3 0.3 0.3 0.3 0.3 0.3]\n"," [0.3 0.3 0.3 0.3 0.3 0.3 0.3 0.3 0.3]\n"," [0.3 0.3 0.3 0.3 0.3 0.3 0.3 0.3 0.3]\n"," [0.3 0.3 0.3 0.3 0.3 0.3 0.3 0.3 0.3]\n"," [0.3 0.3 0.3 0.3 0.3 0.3 0.3 0.3 0.3]\n"," [0.3 0.3 0.3 0.3 0.3 0.3 0.3 0.3 0.3]\n"," [0.3 0.3 0.3 0.3 0.3 0.3 0.3 0.3 0.3]\n"," [0.3 0.3 0.3 0.3 0.3 0.3 0.3 0.3 0.3]\n"," [0.3 0.3 0.3 0.3 0.3 0.3 0.3 0.3 0.3]]\n","(50, 9)\n","GLLiM dimensions are (L=4, D=9, K=50)\n"]}],"source":["Pi = np.ones(K) * 1 / K\n","A = np.ones((D, L, K))\n","C = np.ones((L, K)) * 2\n","Gamma = np.ones((K,L, L)) * 0.2\n","B = np.ones((D, K)) * 3\n","Sigma = np.ones((K,D, D)) * 0.3\n","print(Gamma.shape)\n","gllim.setParamPi(Pi)\n","gllim.setParamA(A)\n","gllim.setParamC(C)\n","gllim.setParamGamma(Gamma)\n","gllim.setParamB(B)\n","gllim.setParamSigma(np.array(Sigma[:,:,0]))\n","\n","theta = gllim.getParams()\n","print(theta.Pi)\n","print(theta.A)\n","print(theta.C)\n","print(theta.Gamma)\n","print(theta.B)\n","print(theta.Sigma)\n","print(theta.Sigma.shape)\n","print(gllim.getDimensions())"]},{"cell_type":"code","execution_count":9,"metadata":{},"outputs":[{"name":"stdout","output_type":"stream","text":["GLLiM dimensions are (L=4, D=9, K=50)\n","GLLiM dimensions are (L=4, D=9, K=50)\n"]}],"source":["print(gllim.getDimensions())\n","gllim.getParams()\n","print(gllim.getDimensions())"]},{"cell_type":"code","execution_count":10,"metadata":{},"outputs":[{"name":"stdout","output_type":"stream","text":["<class 'newkernelo._GLLiMParameters_full_diag'>\n","GLLiM dimensions are (L=4, D=9, K=50)\n","GLLiM dimensions are (L=4, D=9, K=50)\n","[[0.02 0.02 0.02 0.02 0.02 0.02 0.02 0.02 0.02 0.02 0.02 0.02 0.02 0.02\n","  0.02 0.02 0.02 0.02 0.02 0.02 0.02 0.02 0.02 0.02 0.02 0.02 0.02 0.02\n","  0.02 0.02 0.02 0.02 0.02 0.02 0.02 0.02 0.02 0.02 0.02 0.02 0.02 0.02\n","  0.02 0.02 0.02 0.02 0.02 0.02 0.02 0.02]]\n","[[[3. 3. 3. ... 3. 3. 3.]\n","  [3. 3. 3. ... 3. 3. 3.]\n","  [3. 3. 3. ... 3. 3. 3.]\n","  [3. 3. 3. ... 3. 3. 3.]]\n","\n"," [[3. 3. 3. ... 3. 3. 3.]\n","  [3. 3. 3. ... 3. 3. 3.]\n","  [3. 3. 3. ... 3. 3. 3.]\n","  [3. 3. 3. ... 3. 3. 3.]]\n","\n"," [[3. 3. 3. ... 3. 3. 3.]\n","  [3. 3. 3. ... 3. 3. 3.]\n","  [3. 3. 3. ... 3. 3. 3.]\n","  [3. 3. 3. ... 3. 3. 3.]]\n","\n"," ...\n","\n"," [[3. 3. 3. ... 3. 3. 3.]\n","  [3. 3. 3. ... 3. 3. 3.]\n","  [3. 3. 3. ... 3. 3. 3.]\n","  [3. 3. 3. ... 3. 3. 3.]]\n","\n"," [[3. 3. 3. ... 3. 3. 3.]\n","  [3. 3. 3. ... 3. 3. 3.]\n","  [3. 3. 3. ... 3. 3. 3.]\n","  [3. 3. 3. ... 3. 3. 3.]]\n","\n"," [[3. 3. 3. ... 3. 3. 3.]\n","  [3. 3. 3. ... 3. 3. 3.]\n","  [3. 3. 3. ... 3. 3. 3.]\n","  [3. 3. 3. ... 3. 3. 3.]]]\n","[[4. 4. 4. 4. 4. 4. 4. 4. 4. 4. 4. 4. 4. 4. 4. 4. 4. 4. 4. 4. 4. 4. 4. 4.\n","  4. 4. 4. 4. 4. 4. 4. 4. 4. 4. 4. 4. 4. 4. 4. 4. 4. 4. 4. 4. 4. 4. 4. 4.\n","  4. 4.]\n"," [4. 4. 4. 4. 4. 4. 4. 4. 4. 4. 4. 4. 4. 4. 4. 4. 4. 4. 4. 4. 4. 4. 4. 4.\n","  4. 4. 4. 4. 4. 4. 4. 4. 4. 4. 4. 4. 4. 4. 4. 4. 4. 4. 4. 4. 4. 4. 4. 4.\n","  4. 4.]\n"," [4. 4. 4. 4. 4. 4. 4. 4. 4. 4. 4. 4. 4. 4. 4. 4. 4. 4. 4. 4. 4. 4. 4. 4.\n","  4. 4. 4. 4. 4. 4. 4. 4. 4. 4. 4. 4. 4. 4. 4. 4. 4. 4. 4. 4. 4. 4. 4. 4.\n","  4. 4.]\n"," [4. 4. 4. 4. 4. 4. 4. 4. 4. 4. 4. 4. 4. 4. 4. 4. 4. 4. 4. 4. 4. 4. 4. 4.\n","  4. 4. 4. 4. 4. 4. 4. 4. 4. 4. 4. 4. 4. 4. 4. 4. 4. 4. 4. 4. 4. 4. 4. 4.\n","  4. 4.]]\n","[[[0.00447828 0.00459863 0.0046012  0.00452288]\n","  [0.00459863 0.00474952 0.00474855 0.00466474]\n","  [0.0046012  0.00474855 0.0047653  0.00465754]\n","  [0.00452288 0.00466474 0.00465754 0.00461535]]\n","\n"," [[0.00476857 0.00458171 0.00481696 0.00478324]\n","  [0.00458171 0.00441782 0.00464378 0.0046073 ]\n","  [0.00481696 0.00464378 0.00489556 0.00485117]\n","  [0.00478324 0.0046073  0.00485117 0.00481941]]\n","\n"," [[0.00461447 0.00465858 0.00458267 0.00456738]\n","  [0.00465858 0.00472409 0.0046347  0.00463444]\n","  [0.00458267 0.0046347  0.0045724  0.00454058]\n","  [0.00456738 0.00463444 0.00454058 0.00455536]]\n","\n"," [[0.00465874 0.00469617 0.00460216 0.00468919]\n","  [0.00469617 0.00476044 0.00466622 0.00474298]\n","  [0.00460216 0.00466622 0.00459318 0.00465303]\n","  [0.00468919 0.00474298 0.00465303 0.00473616]]\n","\n"," [[0.00466883 0.00464198 0.00458392 0.00468505]\n","  [0.00464198 0.00463834 0.00457036 0.00467401]\n","  [0.00458392 0.00457036 0.00452961 0.00461735]\n","  [0.00468505 0.00467401 0.00461735 0.00471865]]\n","\n"," [[0.00451726 0.00457142 0.00456608 0.00456611]\n","  [0.00457142 0.00466199 0.00463917 0.00464807]\n","  [0.00456608 0.00463917 0.00462756 0.00463211]\n","  [0.00456611 0.00464807 0.00463211 0.00465703]]\n","\n"," [[0.00450424 0.00455742 0.00458814 0.00446607]\n","  [0.00455742 0.00462403 0.0046581  0.0045402 ]\n","  [0.00458814 0.0046581  0.00469522 0.00457909]\n","  [0.00446607 0.0045402  0.00457909 0.00448534]]\n","\n"," [[0.00454947 0.00455387 0.00459127 0.00454785]\n","  [0.00455387 0.00459063 0.0046317  0.00458542]\n","  [0.00459127 0.0046317  0.00468192 0.00462738]\n","  [0.00454785 0.00458542 0.00462738 0.004585  ]]\n","\n"," [[0.00482029 0.00470397 0.00481016 0.00473464]\n","  [0.00470397 0.00463256 0.00472338 0.00464146]\n","  [0.00481016 0.00472338 0.00483344 0.00474613]\n","  [0.00473464 0.00464146 0.00474613 0.00469071]]\n","\n"," [[0.00490131 0.00481647 0.00485561 0.00481875]\n","  [0.00481647 0.00474153 0.00476833 0.00473866]\n","  [0.00485561 0.00476833 0.00483315 0.00477912]\n","  [0.00481875 0.00473866 0.00477912 0.00475217]]\n","\n"," [[0.00455391 0.00457337 0.00452355 0.00449415]\n","  [0.00457337 0.00463716 0.00457374 0.00453887]\n","  [0.00452355 0.00457374 0.00452303 0.00448592]\n","  [0.00449415 0.00453887 0.00448592 0.00447155]]\n","\n"," [[0.00457496 0.00455654 0.00455954 0.00459258]\n","  [0.00455654 0.00457677 0.00455815 0.00458271]\n","  [0.00455954 0.00455815 0.00455751 0.00458318]\n","  [0.00459258 0.00458271 0.00458318 0.0046361 ]]\n","\n"," [[0.00455371 0.00456285 0.00467402 0.004584  ]\n","  [0.00456285 0.00461257 0.00470602 0.00461038]\n","  [0.00467402 0.00470602 0.0048133  0.00471257]\n","  [0.004584   0.00461038 0.00471257 0.00464671]]\n","\n"," [[0.00464888 0.00475077 0.00471854 0.00453254]\n","  [0.00475077 0.00486625 0.00482365 0.00463229]\n","  [0.00471854 0.00482365 0.00481869 0.00461303]\n","  [0.00453254 0.00463229 0.00461303 0.00443775]]\n","\n"," [[0.00482835 0.0047112  0.00471953 0.00462989]\n","  [0.0047112  0.00461116 0.00462375 0.00452879]\n","  [0.00471953 0.00462375 0.00464287 0.0045422 ]\n","  [0.00462989 0.00452879 0.0045422  0.00445858]]\n","\n"," [[0.00453909 0.0046094  0.00451701 0.00453946]\n","  [0.0046094  0.00469725 0.00458876 0.00461541]\n","  [0.00451701 0.00458876 0.00451103 0.00452293]\n","  [0.00453946 0.00461541 0.00452293 0.00456034]]\n","\n"," [[0.00460897 0.00467432 0.00460558 0.00450863]\n","  [0.00467432 0.00475513 0.00467832 0.0045762 ]\n","  [0.00460558 0.00467832 0.00463097 0.00452601]\n","  [0.00450863 0.0045762  0.00452601 0.00443349]]\n","\n"," [[0.00478713 0.0047678  0.00468778 0.00457189]\n","  [0.0047678  0.00476497 0.00467226 0.00455546]\n","  [0.00468778 0.00467226 0.00459924 0.00448478]\n","  [0.00457189 0.00455546 0.00448478 0.00438036]]\n","\n"," [[0.00456324 0.00460941 0.0046342  0.0045841 ]\n","  [0.00460941 0.00467557 0.00469834 0.00464732]\n","  [0.0046342  0.00469834 0.00473753 0.00466871]\n","  [0.0045841  0.00464732 0.00466871 0.0046429 ]]\n","\n"," [[0.00487236 0.00472271 0.00469768 0.00469512]\n","  [0.00472271 0.00458831 0.00455109 0.00454991]\n","  [0.00469768 0.00455109 0.00454255 0.00453136]\n","  [0.00469512 0.00454991 0.00453136 0.00456278]]\n","\n"," [[0.00451935 0.00452235 0.00456155 0.00461439]\n","  [0.00452235 0.00456089 0.00459019 0.00463497]\n","  [0.00456155 0.00459019 0.0046427  0.00468604]\n","  [0.00461439 0.00463497 0.00468604 0.00475389]]\n","\n"," [[0.00451356 0.00460119 0.00460515 0.00456094]\n","  [0.00460119 0.00471429 0.00469961 0.00466313]\n","  [0.00460515 0.00469961 0.00470447 0.0046588 ]\n","  [0.00456094 0.00466313 0.0046588  0.00462152]]\n","\n"," [[0.00472367 0.00455895 0.00461655 0.00470456]\n","  [0.00455895 0.00443547 0.00446043 0.00456474]\n","  [0.00461655 0.00446043 0.00454553 0.00461662]\n","  [0.00470456 0.00456474 0.00461662 0.00474424]]\n","\n"," [[0.00439895 0.00444554 0.00447423 0.00455744]\n","  [0.00444554 0.00452449 0.00452243 0.00461599]\n","  [0.00447423 0.00452243 0.00456818 0.00464065]\n","  [0.00455744 0.00461599 0.00464065 0.00474951]]\n","\n"," [[0.00444127 0.00459297 0.00445504 0.00454328]\n","  [0.00459297 0.00477133 0.00461869 0.00472025]\n","  [0.00445504 0.00461869 0.00447879 0.00456137]\n","  [0.00454328 0.00472025 0.00456137 0.004689  ]]\n","\n"," [[0.00456552 0.00453241 0.00463565 0.00460495]\n","  [0.00453241 0.00452444 0.00461518 0.00459829]\n","  [0.00463565 0.00461518 0.00472412 0.0047008 ]\n","  [0.00460495 0.00459829 0.0047008  0.00469574]]\n","\n"," [[0.00471832 0.00480236 0.00470004 0.0046988 ]\n","  [0.00480236 0.00490664 0.00478209 0.00478493]\n","  [0.00470004 0.00478209 0.00469086 0.00468737]\n","  [0.0046988  0.00478493 0.00468737 0.00469222]]\n","\n"," [[0.00454992 0.00459537 0.00453498 0.00457724]\n","  [0.00459537 0.00465449 0.00459549 0.00463299]\n","  [0.00453498 0.00459549 0.00454908 0.0045735 ]\n","  [0.00457724 0.00463299 0.0045735  0.00462074]]\n","\n"," [[0.0048161  0.0047581  0.00466232 0.00473549]\n","  [0.0047581  0.00471355 0.00462064 0.00469592]\n","  [0.00466232 0.00462064 0.00454393 0.00460068]\n","  [0.00473549 0.00469592 0.00460068 0.00468793]]\n","\n"," [[0.0046455  0.0045182  0.00459592 0.00461778]\n","  [0.0045182  0.00441612 0.00448497 0.00451004]\n","  [0.00459592 0.00448497 0.00457175 0.0045774 ]\n","  [0.00461778 0.00451004 0.0045774  0.00462501]]\n","\n"," [[0.00452748 0.00456268 0.0045498  0.00450185]\n","  [0.00456268 0.00461135 0.00458001 0.00453952]\n","  [0.0045498  0.00458001 0.00458721 0.0045334 ]\n","  [0.00450185 0.00453952 0.0045334  0.00449113]]\n","\n"," [[0.00475122 0.00451352 0.0046988  0.00482604]\n","  [0.00451352 0.00432856 0.00447433 0.00460793]\n","  [0.0046988  0.00447433 0.00465808 0.00478339]\n","  [0.00482604 0.00460793 0.00478339 0.00492297]]\n","\n"," [[0.00494512 0.0046475  0.00476185 0.00474364]\n","  [0.0046475  0.00438765 0.0044849  0.00446582]\n","  [0.00476185 0.0044849  0.00460122 0.00457544]\n","  [0.00474364 0.00446582 0.00457544 0.00457627]]\n","\n"," [[0.00473338 0.00469688 0.00459543 0.00480276]\n","  [0.00469688 0.00470174 0.00458631 0.00479363]\n","  [0.00459543 0.00458631 0.00449724 0.0046843 ]\n","  [0.00480276 0.00479363 0.0046843  0.00490728]]\n","\n"," [[0.00489853 0.00472906 0.00485228 0.0047733 ]\n","  [0.00472906 0.00461528 0.00470407 0.00461807]\n","  [0.00485228 0.00470407 0.00484449 0.00474595]\n","  [0.0047733  0.00461807 0.00474595 0.00466675]]\n","\n"," [[0.00463084 0.00460897 0.00459232 0.00457034]\n","  [0.00460897 0.00460254 0.00457932 0.00455922]\n","  [0.00459232 0.00457932 0.0045706  0.00454047]\n","  [0.00457034 0.00455922 0.00454047 0.00452854]]\n","\n"," [[0.00451848 0.00446121 0.00461169 0.00451988]\n","  [0.00446121 0.00444568 0.00456622 0.00447631]\n","  [0.00461169 0.00456622 0.00474022 0.00463264]\n","  [0.00451988 0.00447631 0.00463264 0.00454046]]\n","\n"," [[0.00478163 0.00469848 0.00475912 0.00472966]\n","  [0.00469848 0.00464311 0.00468662 0.00466019]\n","  [0.00475912 0.00468662 0.00475156 0.00471479]\n","  [0.00472966 0.00466019 0.00471479 0.00469968]]\n","\n"," [[0.00457715 0.00460592 0.00469173 0.00450416]\n","  [0.00460592 0.00465582 0.00472368 0.0045458 ]\n","  [0.00469173 0.00472368 0.00481845 0.00462211]\n","  [0.00450416 0.0045458  0.00462211 0.00444749]]\n","\n"," [[0.00478417 0.0047523  0.00465096 0.00457116]\n","  [0.0047523  0.00474703 0.00461541 0.00454666]\n","  [0.00465096 0.00461541 0.00452308 0.00444375]\n","  [0.00457116 0.00454666 0.00444375 0.00437831]]\n","\n"," [[0.0048299  0.00467572 0.00471622 0.00464   ]\n","  [0.00467572 0.0045399  0.0045676  0.00450883]\n","  [0.00471622 0.0045676  0.00462146 0.00454616]\n","  [0.00464    0.00450883 0.00454616 0.00449147]]\n","\n"," [[0.00459413 0.00457907 0.00460332 0.0045829 ]\n","  [0.00457907 0.00458177 0.00460115 0.00458389]\n","  [0.00460332 0.00460115 0.00463578 0.00461719]\n","  [0.0045829  0.00458389 0.00461719 0.00461037]]\n","\n"," [[0.0047976  0.0046656  0.00465878 0.0046568 ]\n","  [0.0046656  0.00454259 0.00453364 0.00452737]\n","  [0.00465878 0.00453364 0.0045334  0.0045275 ]\n","  [0.0046568  0.00452737 0.0045275  0.00453292]]\n","\n"," [[0.00450574 0.00460555 0.00460844 0.00450496]\n","  [0.00460555 0.00474998 0.00473397 0.00462667]\n","  [0.00460844 0.00473397 0.00474335 0.00463552]\n","  [0.00450496 0.00462667 0.00463552 0.00455343]]\n","\n"," [[0.0046157  0.00464394 0.00456162 0.00462045]\n","  [0.00464394 0.00468778 0.0045899  0.00464875]\n","  [0.00456162 0.0045899  0.00451169 0.00456549]\n","  [0.00462045 0.00464875 0.00456549 0.00462662]]\n","\n"," [[0.00441087 0.00449317 0.00454863 0.00445841]\n","  [0.00449317 0.00459612 0.00463635 0.00454928]\n","  [0.00454863 0.00463635 0.00470626 0.0046058 ]\n","  [0.00445841 0.00454928 0.0046058  0.00451767]]\n","\n"," [[0.00476563 0.0046724  0.00468226 0.00466685]\n","  [0.0046724  0.00459542 0.00459505 0.0045838 ]\n","  [0.00468226 0.00459505 0.00462146 0.00460082]\n","  [0.00466685 0.0045838  0.00460082 0.00459751]]\n","\n"," [[0.00457795 0.0045433  0.00455846 0.00460947]\n","  [0.0045433  0.00452814 0.00453759 0.00457218]\n","  [0.00455846 0.00453759 0.00455966 0.00459363]\n","  [0.00460947 0.00457218 0.00459363 0.00464524]]\n","\n"," [[0.00468588 0.00463525 0.00476143 0.00465114]\n","  [0.00463525 0.00460958 0.00472153 0.00460075]\n","  [0.00476143 0.00472153 0.00484727 0.0047318 ]\n","  [0.00465114 0.00460075 0.0047318  0.004632  ]]\n","\n"," [[0.00466802 0.00463838 0.00472817 0.00476245]\n","  [0.00463838 0.00464385 0.00472021 0.00475667]\n","  [0.00472817 0.00472021 0.00483034 0.00486192]\n","  [0.00476245 0.00475667 0.00486192 0.0049131 ]]]\n","[[6. 6. 6. 6. 6. 6. 6. 6. 6. 6. 6. 6. 6. 6. 6. 6. 6. 6. 6. 6. 6. 6. 6. 6.\n","  6. 6. 6. 6. 6. 6. 6. 6. 6. 6. 6. 6. 6. 6. 6. 6. 6. 6. 6. 6. 6. 6. 6. 6.\n","  6. 6.]\n"," [6. 6. 6. 6. 6. 6. 6. 6. 6. 6. 6. 6. 6. 6. 6. 6. 6. 6. 6. 6. 6. 6. 6. 6.\n","  6. 6. 6. 6. 6. 6. 6. 6. 6. 6. 6. 6. 6. 6. 6. 6. 6. 6. 6. 6. 6. 6. 6. 6.\n","  6. 6.]\n"," [6. 6. 6. 6. 6. 6. 6. 6. 6. 6. 6. 6. 6. 6. 6. 6. 6. 6. 6. 6. 6. 6. 6. 6.\n","  6. 6. 6. 6. 6. 6. 6. 6. 6. 6. 6. 6. 6. 6. 6. 6. 6. 6. 6. 6. 6. 6. 6. 6.\n","  6. 6.]\n"," [6. 6. 6. 6. 6. 6. 6. 6. 6. 6. 6. 6. 6. 6. 6. 6. 6. 6. 6. 6. 6. 6. 6. 6.\n","  6. 6. 6. 6. 6. 6. 6. 6. 6. 6. 6. 6. 6. 6. 6. 6. 6. 6. 6. 6. 6. 6. 6. 6.\n","  6. 6.]\n"," [6. 6. 6. 6. 6. 6. 6. 6. 6. 6. 6. 6. 6. 6. 6. 6. 6. 6. 6. 6. 6. 6. 6. 6.\n","  6. 6. 6. 6. 6. 6. 6. 6. 6. 6. 6. 6. 6. 6. 6. 6. 6. 6. 6. 6. 6. 6. 6. 6.\n","  6. 6.]\n"," [6. 6. 6. 6. 6. 6. 6. 6. 6. 6. 6. 6. 6. 6. 6. 6. 6. 6. 6. 6. 6. 6. 6. 6.\n","  6. 6. 6. 6. 6. 6. 6. 6. 6. 6. 6. 6. 6. 6. 6. 6. 6. 6. 6. 6. 6. 6. 6. 6.\n","  6. 6.]\n"," [6. 6. 6. 6. 6. 6. 6. 6. 6. 6. 6. 6. 6. 6. 6. 6. 6. 6. 6. 6. 6. 6. 6. 6.\n","  6. 6. 6. 6. 6. 6. 6. 6. 6. 6. 6. 6. 6. 6. 6. 6. 6. 6. 6. 6. 6. 6. 6. 6.\n","  6. 6.]\n"," [6. 6. 6. 6. 6. 6. 6. 6. 6. 6. 6. 6. 6. 6. 6. 6. 6. 6. 6. 6. 6. 6. 6. 6.\n","  6. 6. 6. 6. 6. 6. 6. 6. 6. 6. 6. 6. 6. 6. 6. 6. 6. 6. 6. 6. 6. 6. 6. 6.\n","  6. 6.]\n"," [6. 6. 6. 6. 6. 6. 6. 6. 6. 6. 6. 6. 6. 6. 6. 6. 6. 6. 6. 6. 6. 6. 6. 6.\n","  6. 6. 6. 6. 6. 6. 6. 6. 6. 6. 6. 6. 6. 6. 6. 6. 6. 6. 6. 6. 6. 6. 6. 6.\n","  6. 6.]]\n","[[1.02190345 1.03637365 1.08480176 1.00706022 1.04958153 1.00587187\n","  1.05853555 1.06398411 1.07491866]\n"," [1.05375424 1.05736527 1.07785208 1.0648699  1.05066291 1.00271376\n","  1.06311587 1.06636615 1.00006327]\n"," [1.03092005 1.03335761 1.04496236 1.03400649 1.05218514 1.09320281\n","  1.08303029 1.01343065 1.09122902]\n"," [1.05010654 1.00043868 1.03438394 1.05740963 1.09134367 1.050153\n","  1.01456653 1.02804723 1.01495752]\n"," [1.06495513 1.0572245  1.08999173 1.01943544 1.0317214  1.09260277\n","  1.05764062 1.00518244 1.06821532]\n"," [1.04663167 1.02355808 1.06570149 1.01256176 1.0373622  1.0088304\n","  1.02144255 1.0344115  1.06476894]\n"," [1.04215593 1.00444152 1.03244994 1.03354659 1.07481955 1.0161406\n","  1.0627754  1.08381269 1.01988147]\n"," [1.03960913 1.09488885 1.02103408 1.07468844 1.07322792 1.05822134\n","  1.03409453 1.07529165 1.05813588]\n"," [1.08567537 1.01182629 1.00411755 1.04052316 1.07129661 1.06188484\n","  1.00581858 1.05658847 1.04372742]\n"," [1.06256087 1.01124841 1.08968248 1.04220234 1.03456647 1.0670308\n","  1.08736975 1.01972687 1.02430035]\n"," [1.03220805 1.06095556 1.09332165 1.05271404 1.03866437 1.04965008\n","  1.0351543  1.02958823 1.07348121]\n"," [1.03192087 1.08974396 1.06607955 1.09111855 1.01192915 1.07905047\n","  1.06772753 1.02558647 1.04303127]\n"," [1.01887311 1.00673066 1.00314308 1.05021431 1.05586913 1.04102489\n","  1.02421396 1.0495963  1.03783083]\n"," [1.02828508 1.02133473 1.03686144 1.08338686 1.0994867  1.07031157\n","  1.01026022 1.05638863 1.02832109]\n"," [1.02723637 1.0699627  1.0398417  1.05084049 1.01068249 1.07157621\n","  1.09675166 1.05681096 1.09662485]\n"," [1.0801178  1.03962731 1.02679624 1.05019377 1.03403835 1.05409862\n","  1.09990719 1.08208409 1.02285282]\n"," [1.04849426 1.05280287 1.07607475 1.02667663 1.0091581  1.04980171\n","  1.01758258 1.065634   1.03994789]\n"," [1.09640839 1.03270481 1.04617982 1.07851604 1.09815992 1.04807295\n","  1.06828022 1.06275282 1.039806  ]\n"," [1.07878998 1.09294036 1.05292826 1.06837746 1.02969522 1.0836843\n","  1.04464205 1.04748478 1.05575046]\n"," [1.03936247 1.02724681 1.06721408 1.0607468  1.0237102  1.01262721\n","  1.06830975 1.06321096 1.09515705]\n"," [1.05957153 1.06214803 1.09033091 1.0874454  1.03374993 1.03123303\n","  1.08541153 1.09938768 1.09633665]\n"," [1.09966658 1.05073027 1.08928111 1.03119319 1.04062436 1.07982574\n","  1.05186294 1.0896656  1.04767252]\n"," [1.01658457 1.01734076 1.00150968 1.02278296 1.0399473  1.03575481\n","  1.06803223 1.00932987 1.08466812]\n"," [1.06715199 1.04076771 1.09741507 1.04597571 1.09461897 1.03125545\n","  1.01003152 1.05174592 1.01429073]\n"," [1.07602036 1.00797022 1.04382465 1.08805243 1.03077346 1.08759605\n","  1.02911594 1.05073122 1.02586418]\n"," [1.0661139  1.07397942 1.00231484 1.08225043 1.05333876 1.05497268\n","  1.03052203 1.04675119 1.01625376]\n"," [1.01542327 1.09738226 1.02233616 1.0345929  1.00163699 1.07137709\n","  1.00557906 1.08159681 1.00231004]\n"," [1.03705999 1.0437114  1.09170175 1.08103077 1.06373353 1.07461537\n","  1.07511902 1.05616912 1.03713864]\n"," [1.038977   1.08050813 1.05840552 1.08581147 1.001731   1.07233173\n","  1.05578555 1.00711126 1.01950683]\n"," [1.0936056  1.03756275 1.01212947 1.08732357 1.02119028 1.08984512\n","  1.03000171 1.00877287 1.01277469]\n"," [1.07991708 1.09863425 1.0214384  1.00975312 1.04558938 1.01805665\n","  1.09858936 1.07603615 1.0554843 ]\n"," [1.06032668 1.05285741 1.09465036 1.00728316 1.09764872 1.00543331\n","  1.06782729 1.03031888 1.01185982]\n"," [1.05648294 1.00919052 1.0611394  1.00260081 1.02661144 1.07386867\n","  1.05482633 1.02409714 1.09398104]\n"," [1.08914419 1.04957931 1.09196839 1.08692859 1.03573712 1.01267698\n","  1.03464246 1.08053399 1.09526622]\n"," [1.03673214 1.00697875 1.05033893 1.01858996 1.08612535 1.08808754\n","  1.07948875 1.01469722 1.0532733 ]\n"," [1.0920872  1.01989166 1.08375508 1.05085058 1.02688382 1.00533203\n","  1.04245279 1.06557233 1.0389816 ]\n"," [1.03178602 1.07968546 1.08255403 1.05957471 1.0777737  1.01216629\n","  1.05090414 1.00987525 1.00778757]\n"," [1.03692052 1.03522997 1.05269335 1.04065831 1.01472154 1.09426239\n","  1.02718853 1.06129516 1.06209692]\n"," [1.04911008 1.06217803 1.02601302 1.01209823 1.07458845 1.05760588\n","  1.09169878 1.08588107 1.08800116]\n"," [1.06994293 1.02971714 1.00560411 1.04253833 1.06008515 1.02867043\n","  1.01084433 1.03455566 1.05939467]\n"," [1.01111111 1.04714713 1.0638859  1.05291153 1.01061262 1.0912915\n","  1.03453682 1.06871496 1.00683514]\n"," [1.01207522 1.08404561 1.09532772 1.08477382 1.02726488 1.0537016\n","  1.04610595 1.00983597 1.04551433]\n"," [1.0696995  1.09335855 1.09678767 1.09617355 1.00719488 1.08843204\n","  1.01769439 1.0225443  1.00873503]\n"," [1.04766275 1.00477354 1.00312764 1.03593656 1.03126335 1.0951442\n","  1.08899797 1.00218564 1.06308869]\n"," [1.07893804 1.09406454 1.09163488 1.06714542 1.08956561 1.08090896\n","  1.02356382 1.093031   1.09625758]\n"," [1.07456263 1.07893732 1.08248593 1.04794527 1.08255424 1.05237337\n","  1.06690337 1.03737182 1.03156825]\n"," [1.03205498 1.06564584 1.01059573 1.03952607 1.01139424 1.00408029\n","  1.09516153 1.03604813 1.02356593]\n"," [1.08369961 1.0969398  1.04111057 1.05962435 1.08962325 1.08613452\n","  1.07504711 1.06158863 1.05626383]\n"," [1.07731927 1.07446958 1.05456478 1.04038713 1.00158742 1.02125788\n","  1.06163478 1.08153616 1.08647274]\n"," [1.00321169 1.06960515 1.09561604 1.07808211 1.05181249 1.08430065\n","  1.08310763 1.02368368 1.09339275]]\n"]}],"source":["new_theta = lib.GLLiMParameters(L,D,K, \"full\", \"diag\")\n","print(type(new_theta))\n","\n","Gamma = np.ones((K,L,L)) + np.random.rand(K,L,L) * 0.1\n","Sigma = np.ones((K,D)) + np.random.rand(K,D) * 0.1\n","for k in range(K):\n","    Gamma[k] += np.eye(L) * 0.1\n","    Gamma[k] = np.dot(Gamma[k], Gamma[k].T) * 0.001\n","    # Sigma[k] += np.eye(D) * 0.1\n","    # Sigma[k] = np.dot(Sigma[k], Sigma[k].T) * 0.001\n","new_theta.Pi = Pi\n","new_theta.A = A * 3\n","new_theta.C = C * 2\n","new_theta.Gamma = Gamma\n","new_theta.B = B * 2\n","new_theta.Sigma = Sigma\n","print(gllim.getDimensions())\n","gllim.setParams(new_theta)\n","print(gllim.getDimensions()) # TODO ERROR GLLiM<TGamma,TSigma> dimensions are (L=4000838736, D=32766, K=4000837888)\n","theta = gllim.getParams()\n","print(theta.Pi)\n","print(theta.A)\n","print(theta.C)\n","print(theta.Gamma)\n","print(theta.B)\n","print(theta.Sigma)"]},{"cell_type":"code","execution_count":11,"metadata":{},"outputs":[{"name":"stdout","output_type":"stream","text":["[[0.02 0.02 0.02 0.02 0.02 0.02 0.02 0.02 0.02 0.02 0.02 0.02 0.02 0.02\n","  0.02 0.02 0.02 0.02 0.02 0.02 0.02 0.02 0.02 0.02 0.02 0.02 0.02 0.02\n","  0.02 0.02 0.02 0.02 0.02 0.02 0.02 0.02 0.02 0.02 0.02 0.02 0.02 0.02\n","  0.02 0.02 0.02 0.02 0.02 0.02 0.02 0.02]]\n","[[[0.00790875 0.00789468 0.00803324 ... 0.00775727 0.00771929 0.00828359]\n","  [0.00779832 0.00786772 0.00801429 ... 0.00766364 0.00773976 0.0077694 ]\n","  [0.00745019 0.00771818 0.00792528 ... 0.0080746  0.00788585 0.00758495]\n","  ...\n","  [0.00763505 0.00782516 0.00764671 ... 0.0078197  0.00783334 0.00767255]\n","  [0.00759596 0.00780131 0.00817187 ... 0.00791884 0.00768919 0.00811793]\n","  [0.00751869 0.00831853 0.00758926 ... 0.00795876 0.00765426 0.00760038]]\n","\n"," [[0.00815228 0.00760312 0.00813296 ... 0.00771147 0.00765065 0.00826688]\n","  [0.00803845 0.00757716 0.00811378 ... 0.00761839 0.00767094 0.00775373]\n","  [0.0076796  0.00743314 0.00802367 ... 0.00802693 0.00781573 0.00756965]\n","  ...\n","  [0.00787016 0.00753617 0.00774164 ... 0.00777354 0.00776368 0.00765707]\n","  [0.00782985 0.0075132  0.00827332 ... 0.00787209 0.00762082 0.00810156]\n","  [0.0077502  0.00801132 0.00768348 ... 0.00791177 0.00758619 0.00758505]]\n","\n"," [[0.00815712 0.00800175 0.00799279 ... 0.00774037 0.00785458 0.00843502]\n","  [0.00804323 0.00797442 0.00797394 ... 0.00764694 0.00787541 0.00791143]\n","  [0.00768416 0.00782285 0.00788539 ... 0.008057   0.00802406 0.00772361]\n","  ...\n","  [0.00787484 0.00793129 0.00760822 ... 0.00780267 0.00797062 0.00781281]\n","  [0.00783451 0.00790711 0.00813073 ... 0.00790158 0.00782396 0.00826633]\n","  [0.00775481 0.00843134 0.00755106 ... 0.00794142 0.00778841 0.00773932]]\n","\n"," [[0.00802151 0.00794078 0.00797858 ... 0.00781297 0.00767066 0.00850267]\n","  [0.00790952 0.00791366 0.00795976 ... 0.00771867 0.007691   0.00797489]\n","  [0.00755642 0.00776325 0.00787136 ... 0.00813258 0.00783617 0.00778555]\n","  ...\n","  [0.00774392 0.00787086 0.00759469 ... 0.00787586 0.00778399 0.00787547]\n","  [0.00770426 0.00784687 0.00811627 ... 0.0079757  0.00764075 0.00833263]\n","  [0.00762589 0.0083671  0.00753763 ... 0.00801591 0.00760604 0.00780139]]]\n","[[54. 54. 54. 54. 54. 54. 54. 54. 54. 54. 54. 54. 54. 54. 54. 54. 54. 54.\n","  54. 54. 54. 54. 54. 54. 54. 54. 54. 54. 54. 54. 54. 54. 54. 54. 54. 54.\n","  54. 54. 54. 54. 54. 54. 54. 54. 54. 54. 54. 54. 54. 54.]\n"," [54. 54. 54. 54. 54. 54. 54. 54. 54. 54. 54. 54. 54. 54. 54. 54. 54. 54.\n","  54. 54. 54. 54. 54. 54. 54. 54. 54. 54. 54. 54. 54. 54. 54. 54. 54. 54.\n","  54. 54. 54. 54. 54. 54. 54. 54. 54. 54. 54. 54. 54. 54.]\n"," [54. 54. 54. 54. 54. 54. 54. 54. 54. 54. 54. 54. 54. 54. 54. 54. 54. 54.\n","  54. 54. 54. 54. 54. 54. 54. 54. 54. 54. 54. 54. 54. 54. 54. 54. 54. 54.\n","  54. 54. 54. 54. 54. 54. 54. 54. 54. 54. 54. 54. 54. 54.]\n"," [54. 54. 54. 54. 54. 54. 54. 54. 54. 54. 54. 54. 54. 54. 54. 54. 54. 54.\n","  54. 54. 54. 54. 54. 54. 54. 54. 54. 54. 54. 54. 54. 54. 54. 54. 54. 54.\n","  54. 54. 54. 54. 54. 54. 54. 54. 54. 54. 54. 54. 54. 54.]\n"," [54. 54. 54. 54. 54. 54. 54. 54. 54. 54. 54. 54. 54. 54. 54. 54. 54. 54.\n","  54. 54. 54. 54. 54. 54. 54. 54. 54. 54. 54. 54. 54. 54. 54. 54. 54. 54.\n","  54. 54. 54. 54. 54. 54. 54. 54. 54. 54. 54. 54. 54. 54.]\n"," [54. 54. 54. 54. 54. 54. 54. 54. 54. 54. 54. 54. 54. 54. 54. 54. 54. 54.\n","  54. 54. 54. 54. 54. 54. 54. 54. 54. 54. 54. 54. 54. 54. 54. 54. 54. 54.\n","  54. 54. 54. 54. 54. 54. 54. 54. 54. 54. 54. 54. 54. 54.]\n"," [54. 54. 54. 54. 54. 54. 54. 54. 54. 54. 54. 54. 54. 54. 54. 54. 54. 54.\n","  54. 54. 54. 54. 54. 54. 54. 54. 54. 54. 54. 54. 54. 54. 54. 54. 54. 54.\n","  54. 54. 54. 54. 54. 54. 54. 54. 54. 54. 54. 54. 54. 54.]\n"," [54. 54. 54. 54. 54. 54. 54. 54. 54. 54. 54. 54. 54. 54. 54. 54. 54. 54.\n","  54. 54. 54. 54. 54. 54. 54. 54. 54. 54. 54. 54. 54. 54. 54. 54. 54. 54.\n","  54. 54. 54. 54. 54. 54. 54. 54. 54. 54. 54. 54. 54. 54.]\n"," [54. 54. 54. 54. 54. 54. 54. 54. 54. 54. 54. 54. 54. 54. 54. 54. 54. 54.\n","  54. 54. 54. 54. 54. 54. 54. 54. 54. 54. 54. 54. 54. 54. 54. 54. 54. 54.\n","  54. 54. 54. 54. 54. 54. 54. 54. 54. 54. 54. 54. 54. 54.]]\n","[[[1.68966343 0.66775998 0.66775998 ... 0.66775998 0.66775998 0.66775998]\n","  [0.66775998 1.70413363 0.66775998 ... 0.66775998 0.66775998 0.66775998]\n","  [0.66775998 0.66775998 1.75256175 ... 0.66775998 0.66775998 0.66775998]\n","  ...\n","  [0.66775998 0.66775998 0.66775998 ... 1.72629553 0.66775998 0.66775998]\n","  [0.66775998 0.66775998 0.66775998 ... 0.66775998 1.73174409 0.66775