{"cells":[{"cell_type":"code","execution_count":1,"metadata":{"metadata":{}},"outputs":[],"source":["import newkernelo as lib\n","import kernelo as oldker\n","import numpy as np\n","import time\n","import os.path\n","import json\n","import logging\n","logging.getLogger().setLevel(logging.INFO)"]},{"cell_type":"code","execution_count":2,"metadata":{},"outputs":[{"name":"stdout","output_type":"stream","text":["<class 'newkernelo._GLLiM_full_diag'>\u001b[39mINFO: GLLiM Parameters initialized\u001b[0m\n","\u001b[39mINFO: GLLiM dimensions are (L=4, D=9, K=50)\u001b[0m\n","\u001b[39mINFO: GLLiM constraints are :\n","\tgamma_type = 'full',\n","\tsigma_type = 'diag'.\u001b[0m\n","\n","(50, 4, 4)\n"]}],"source":["L = 4\n","D = 9\n","K = 50\n","\n","gllim = lib.GLLiM(L,D,K, gamma_type='full', sigma_type='diag')\n","print(type(gllim))\n","gllim.getDimensions()\n","gllim.getConstraints()\n","gllim.getParamPi()\n","gllim.getParamGamma()\n","print(gllim.getParamGamma().shape)\n"]},{"cell_type":"code","execution_count":3,"metadata":{},"outputs":[{"data":{"text/plain":["<newkernelo._GLLiM_full_diag at 0x7492c454d630>"]},"execution_count":3,"metadata":{},"output_type":"execute_result"},{"name":"stdout","output_type":"stream","text":["\u001b[39mINFO: GLLiM Parameters initialized\u001b[0m\n","\u001b[39mINFO: GLLiM dimensions are (L=4, D=9, K=50)\u001b[0m\n","\u001b[39mINFO: GLLiM constraints are :\n","\tgamma_type = 'full',\n","\tsigma_type = 'full'.\u001b[0m\n"]}],"source":["lib._GLLiM_full_diag(L,D,K, gamma_type='full', sigma_type='full')"]},{"cell_type":"code","execution_count":4,"metadata":{},"outputs":[{"name":"stdout","output_type":"stream","text":["GLLiM dimensions are (L=4, D=9, K=50)\n"]},{"data":{"text/plain":["(50, 4, 4)"]},"execution_count":4,"metadata":{},"output_type":"execute_result"}],"source":["print(gllim.getDimensions())\n","gllim.getParams()\n","gllim.getParamGamma().shape"]},{"cell_type":"code","execution_count":5,"metadata":{},"outputs":[{"name":"stdout","output_type":"stream","text":["[[0. 0. 0. 0. 0. 0. 0. 0. 0. 0. 0. 0. 0. 0. 0. 0. 0. 0. 0. 0. 0. 0. 0. 0.\n","  0. 0. 0. 0. 0. 0. 0. 0. 0. 0. 0. 0. 0. 0. 0. 0. 0. 0. 0. 0. 0. 0. 0. 0.\n","  0. 0.]]\n","(9, 4, 50)\n","GLLiM dimensions are (L=4, D=9, K=50)\n"]}],"source":["theta = gllim.getParams()\n","print(theta.Pi)\n","print(theta.A.shape)\n","# print(theta.L)\n","print(gllim.getDimensions())"]},{"cell_type":"code","execution_count":6,"metadata":{},"outputs":[{"name":"stdout","output_type":"stream","text":["GLLiM dimensions are (L=4, D=9, K=50)\n"]}],"source":["gllim.getParams()\n","gllim.getParamPi()\n","gllim.getParamA()\n","gllim.getParamC()\n","gllim.getParamGamma()\n","gllim.getParamB()\n","gllim.getParamSigma()\n","print(gllim.getDimensions())"]},{"cell_type":"code","execution_count":7,"metadata":{},"outputs":[{"name":"stdout","output_type":"stream","text":["GLLiM dimensions are (L=4, D=9, K=50)\n"]}],"source":["gllim.getInverse().C\n","print(gllim.getDimensions())"]},{"cell_type":"code","execution_count":8,"metadata":{},"outputs":[{"name":"stdout","output_type":"stream","text":["(50, 4, 4)\n","[[0.02 0.02 0.02 0.02 0.02 0.02 0.02 0.02 0.02 0.02 0.02 0.02 0.02 0.02\n","  0.02 0.02 0.02 0.02 0.02 0.02 0.02 0.02 0.02 0.02 0.02 0.02 0.02 0.02\n","  0.02 0.02 0.02 0.02 0.02 0.02 0.02 0.02 0.02 0.02 0.02 0.02 0.02 0.02\n","  0.02 0.02 0.02 0.02 0.02 0.02 0.02 0.02]]\n","[[[1. 1. 1. ... 1. 1. 1.]\n","  [1. 1. 1. ... 1. 1. 1.]\n","  [1. 1. 1. ... 1. 1. 1.]\n","  [1. 1. 1. ... 1. 1. 1.]]\n","\n"," [[1. 1. 1. ... 1. 1. 1.]\n","  [1. 1. 1. ... 1. 1. 1.]\n","  [1. 1. 1. ... 1. 1. 1.]\n","  [1. 1. 1. ... 1. 1. 1.]]\n","\n"," [[1. 1. 1. ... 1. 1. 1.]\n","  [1. 1. 1. ... 1. 1. 1.]\n","  [1. 1. 1. ... 1. 1. 1.]\n","  [1. 1. 1. ... 1. 1. 1.]]\n","\n"," ...\n","\n"," [[1. 1. 1. ... 1. 1. 1.]\n","  [1. 1. 1. ... 1. 1. 1.]\n","  [1. 1. 1. ... 1. 1. 1.]\n","  [1. 1. 1. ... 1. 1. 1.]]\n","\n"," [[1. 1. 1. ... 1. 1. 1.]\n","  [1. 1. 1. ... 1. 1. 1.]\n","  [1. 1. 1. ... 1. 1. 1.]\n","  [1. 1. 1. ... 1. 1. 1.]]\n","\n"," [[1. 1. 1. ... 1. 1. 1.]\n","  [1. 1. 1. ... 1. 1. 1.]\n","  [1. 1. 1. ... 1. 1. 1.]\n","  [1. 1. 1. ... 1. 1. 1.]]]\n","[[2. 2. 2. 2. 2. 2. 2. 2. 2. 2. 2. 2. 2. 2. 2. 2. 2. 2. 2. 2. 2. 2. 2. 2.\n","  2. 2. 2. 2. 2. 2. 2. 2. 2. 2. 2. 2. 2. 2. 2. 2. 2. 2. 2. 2. 2. 2. 2. 2.\n","  2. 2.]\n"," [2. 2. 2. 2. 2. 2. 2. 2. 2. 2. 2. 2. 2. 2. 2. 2. 2. 2. 2. 2. 2. 2. 2. 2.\n","  2. 2. 2. 2. 2. 2. 2. 2. 2. 2. 2. 2. 2. 2. 2. 2. 2. 2. 2. 2. 2. 2. 2. 2.\n","  2. 2.]\n"," [2. 2. 2. 2. 2. 2. 2. 2. 2. 2. 2. 2. 2. 2. 2. 2. 2. 2. 2. 2. 2. 2. 2. 2.\n","  2. 2. 2. 2. 2. 2. 2. 2. 2. 2. 2. 2. 2. 2. 2. 2. 2. 2. 2. 2. 2. 2. 2. 2.\n","  2. 2.]\n"," [2. 2. 2. 2. 2. 2. 2. 2. 2. 2. 2. 2. 2. 2. 2. 2. 2. 2. 2. 2. 2. 2. 2. 2.\n","  2. 2. 2. 2. 2. 2. 2. 2. 2. 2. 2. 2. 2. 2. 2. 2. 2. 2. 2. 2. 2. 2. 2. 2.\n","  2. 2.]]\n","[[[0.2 0.2 0.2 0.2]\n","  [0.2 0.2 0.2 0.2]\n","  [0.2 0.2 0.2 0.2]\n","  [0.2 0.2 0.2 0.2]]\n","\n"," [[0.2 0.2 0.2 0.2]\n","  [0.2 0.2 0.2 0.2]\n","  [0.2 0.2 0.2 0.2]\n","  [0.2 0.2 0.2 0.2]]\n","\n"," [[0.2 0.2 0.2 0.2]\n","  [0.2 0.2 0.2 0.2]\n","  [0.2 0.2 0.2 0.2]\n","  [0.2 0.2 0.2 0.2]]\n","\n"," [[0.2 0.2 0.2 0.2]\n","  [0.2 0.2 0.2 0.2]\n","  [0.2 0.2 0.2 0.2]\n","  [0.2 0.2 0.2 0.2]]\n","\n"," [[0.2 0.2 0.2 0.2]\n","  [0.2 0.2 0.2 0.2]\n","  [0.2 0.2 0.2 0.2]\n","  [0.2 0.2 0.2 0.2]]\n","\n"," [[0.2 0.2 0.2 0.2]\n","  [0.2 0.2 0.2 0.2]\n","  [0.2 0.2 0.2 0.2]\n","  [0.2 0.2 0.2 0.2]]\n","\n"," [[0.2 0.2 0.2 0.2]\n","  [0.2 0.2 0.2 0.2]\n","  [0.2 0.2 0.2 0.2]\n","  [0.2 0.2 0.2 0.2]]\n","\n"," [[0.2 0.2 0.2 0.2]\n","  [0.2 0.2 0.2 0.2]\n","  [0.2 0.2 0.2 0.2]\n","  [0.2 0.2 0.2 0.2]]\n","\n"," [[0.2 0.2 0.2 0.2]\n","  [0.2 0.2 0.2 0.2]\n","  [0.2 0.2 0.2 0.2]\n","  [0.2 0.2 0.2 0.2]]\n","\n"," [[0.2 0.2 0.2 0.2]\n","  [0.2 0.2 0.2 0.2]\n","  [0.2 0.2 0.2 0.2]\n","  [0.2 0.2 0.2 0.2]]\n","\n"," [[0.2 0.2 0.2 0.2]\n","  [0.2 0.2 0.2 0.2]\n","  [0.2 0.2 0.2 0.2]\n","  [0.2 0.2 0.2 0.2]]\n","\n"," [[0.2 0.2 0.2 0.2]\n","  [0.2 0.2 0.2 0.2]\n","  [0.2 0.2 0.2 0.2]\n","  [0.2 0.2 0.2 0.2]]\n","\n"," [[0.2 0.2 0.2 0.2]\n","  [0.2 0.2 0.2 0.2]\n","  [0.2 0.2 0.2 0.2]\n","  [0.2 0.2 0.2 0.2]]\n","\n"," [[0.2 0.2 0.2 0.2]\n","  [0.2 0.2 0.2 0.2]\n","  [0.2 0.2 0.2 0.2]\n","  [0.2 0.2 0.2 0.2]]\n","\n"," [[0.2 0.2 0.2 0.2]\n","  [0.2 0.2 0.2 0.2]\n","  [0.2 0.2 0.2 0.2]\n","  [0.2 0.2 0.2 0.2]]\n","\n"," [[0.2 0.2 0.2 0.2]\n","  [0.2 0.2 0.2 0.2]\n","  [0.2 0.2 0.2 0.2]\n","  [0.2 0.2 0.2 0.2]]\n","\n"," [[0.2 0.2 0.2 0.2]\n","  [0.2 0.2 0.2 0.2]\n","  [0.2 0.2 0.2 0.2]\n","  [0.2 0.2 0.2 0.2]]\n","\n"," [[0.2 0.2 0.2 0.2]\n","  [0.2 0.2 0.2 0.2]\n","  [0.2 0.2 0.2 0.2]\n","  [0.2 0.2 0.2 0.2]]\n","\n"," [[0.2 0.2 0.2 0.2]\n","  [0.2 0.2 0.2 0.2]\n","  [0.2 0.2 0.2 0.2]\n","  [0.2 0.2 0.2 0.2]]\n","\n"," [[0.2 0.2 0.2 0.2]\n","  [0.2 0.2 0.2 0.2]\n","  [0.2 0.2 0.2 0.2]\n","  [0.2 0.2 0.2 0.2]]\n","\n"," [[0.2 0.2 0.2 0.2]\n","  [0.2 0.2 0.2 0.2]\n","  [0.2 0.2 0.2 0.2]\n","  [0.2 0.2 0.2 0.2]]\n","\n"," [[0.2 0.2 0.2 0.2]\n","  [0.2 0.2 0.2 0.2]\n","  [0.2 0.2 0.2 0.2]\n","  [0.2 0.2 0.2 0.2]]\n","\n"," [[0.2 0.2 0.2 0.2]\n","  [0.2 0.2 0.2 0.2]\n","  [0.2 0.2 0.2 0.2]\n","  [0.2 0.2 0.2 0.2]]\n","\n"," [[0.2 0.2 0.2 0.2]\n","  [0.2 0.2 0.2 0.2]\n","  [0.2 0.2 0.2 0.2]\n","  [0.2 0.2 0.2 0.2]]\n","\n"," [[0.2 0.2 0.2 0.2]\n","  [0.2 0.2 0.2 0.2]\n","  [0.2 0.2 0.2 0.2]\n","  [0.2 0.2 0.2 0.2]]\n","\n"," [[0.2 0.2 0.2 0.2]\n","  [0.2 0.2 0.2 0.2]\n","  [0.2 0.2 0.2 0.2]\n","  [0.2 0.2 0.2 0.2]]\n","\n"," [[0.2 0.2 0.2 0.2]\n","  [0.2 0.2 0.2 0.2]\n","  [0.2 0.2 0.2 0.2]\n","  [0.2 0.2 0.2 0.2]]\n","\n"," [[0.2 0.2 0.2 0.2]\n","  [0.2 0.2 0.2 0.2]\n","  [0.2 0.2 0.2 0.2]\n","  [0.2 0.2 0.2 0.2]]\n","\n"," [[0.2 0.2 0.2 0.2]\n","  [0.2 0.2 0.2 0.2]\n","  [0.2 0.2 0.2 0.2]\n","  [0.2 0.2 0.2 0.2]]\n","\n"," [[0.2 0.2 0.2 0.2]\n","  [0.2 0.2 0.2 0.2]\n","  [0.2 0.2 0.2 0.2]\n","  [0.2 0.2 0.2 0.2]]\n","\n"," [[0.2 0.2 0.2 0.2]\n","  [0.2 0.2 0.2 0.2]\n","  [0.2 0.2 0.2 0.2]\n","  [0.2 0.2 0.2 0.2]]\n","\n"," [[0.2 0.2 0.2 0.2]\n","  [0.2 0.2 0.2 0.2]\n","  [0.2 0.2 0.2 0.2]\n","  [0.2 0.2 0.2 0.2]]\n","\n"," [[0.2 0.2 0.2 0.2]\n","  [0.2 0.2 0.2 0.2]\n","  [0.2 0.2 0.2 0.2]\n","  [0.2 0.2 0.2 0.2]]\n","\n"," [[0.2 0.2 0.2 0.2]\n","  [0.2 0.2 0.2 0.2]\n","  [0.2 0.2 0.2 0.2]\n","  [0.2 0.2 0.2 0.2]]\n","\n"," [[0.2 0.2 0.2 0.2]\n","  [0.2 0.2 0.2 0.2]\n","  [0.2 0.2 0.2 0.2]\n","  [0.2 0.2 0.2 0.2]]\n","\n"," [[0.2 0.2 0.2 0.2]\n","  [0.2 0.2 0.2 0.2]\n","  [0.2 0.2 0.2 0.2]\n","  [0.2 0.2 0.2 0.2]]\n","\n"," [[0.2 0.2 0.2 0.2]\n","  [0.2 0.2 0.2 0.2]\n","  [0.2 0.2 0.2 0.2]\n","  [0.2 0.2 0.2 0.2]]\n","\n"," [[0.2 0.2 0.2 0.2]\n","  [0.2 0.2 0.2 0.2]\n","  [0.2 0.2 0.2 0.2]\n","  [0.2 0.2 0.2 0.2]]\n","\n"," [[0.2 0.2 0.2 0.2]\n","  [0.2 0.2 0.2 0.2]\n","  [0.2 0.2 0.2 0.2]\n","  [0.2 0.2 0.2 0.2]]\n","\n"," [[0.2 0.2 0.2 0.2]\n","  [0.2 0.2 0.2 0.2]\n","  [0.2 0.2 0.2 0.2]\n","  [0.2 0.2 0.2 0.2]]\n","\n"," [[0.2 0.2 0.2 0.2]\n","  [0.2 0.2 0.2 0.2]\n","  [0.2 0.2 0.2 0.2]\n","  [0.2 0.2 0.2 0.2]]\n","\n"," [[0.2 0.2 0.2 0.2]\n","  [0.2 0.2 0.2 0.2]\n","  [0.2 0.2 0.2 0.2]\n","  [0.2 0.2 0.2 0.2]]\n","\n"," [[0.2 0.2 0.2 0.2]\n","  [0.2 0.2 0.2 0.2]\n","  [0.2 0.2 0.2 0.2]\n","  [0.2 0.2 0.2 0.2]]\n","\n"," [[0.2 0.2 0.2 0.2]\n","  [0.2 0.2 0.2 0.2]\n","  [0.2 0.2 0.2 0.2]\n","  [0.2 0.2 0.2 0.2]]\n","\n"," [[0.2 0.2 0.2 0.2]\n","  [0.2 0.2 0.2 0.2]\n","  [0.2 0.2 0.2 0.2]\n","  [0.2 0.2 0.2 0.2]]\n","\n"," [[0.2 0.2 0.2 0.2]\n","  [0.2 0.2 0.2 0.2]\n","  [0.2 0.2 0.2 0.2]\n","  [0.2 0.2 0.2 0.2]]\n","\n"," [[0.2 0.2 0.2 0.2]\n","  [0.2 0.2 0.2 0.2]\n","  [0.2 0.2 0.2 0.2]\n","  [0.2 0.2 0.2 0.2]]\n","\n"," [[0.2 0.2 0.2 0.2]\n","  [0.2 0.2 0.2 0.2]\n","  [0.2 0.2 0.2 0.2]\n","  [0.2 0.2 0.2 0.2]]\n","\n"," [[0.2 0.2 0.2 0.2]\n","  [0.2 0.2 0.2 0.2]\n","  [0.2 0.2 0.2 0.2]\n","  [0.2 0.2 0.2 0.2]]\n","\n"," [[0.2 0.2 0.2 0.2]\n","  [0.2 0.2 0.2 0.2]\n","  [0.2 0.2 0.2 0.2]\n","  [0.2 0.2 0.2 0.2]]]\n","[[3. 3. 3. 3. 3. 3. 3. 3. 3. 3. 3. 3. 3. 3. 3. 3. 3. 3. 3. 3. 3. 3. 3. 3.\n","  3. 3. 3. 3. 3. 3. 3. 3. 3. 3. 3. 3. 3. 3. 3. 3. 3. 3. 3. 3. 3. 3. 3. 3.\n","  3. 3.]\n"," [3. 3. 3. 3. 3. 3. 3. 3. 3. 3. 3. 3. 3. 3. 3. 3. 3. 3. 3. 3. 3. 3. 3. 3.\n","  3. 3. 3. 3. 3. 3. 3. 3. 3. 3. 3. 3. 3. 3. 3. 3. 3. 3. 3. 3. 3. 3. 3. 3.\n","  3. 3.]\n"," [3. 3. 3. 3. 3. 3. 3. 3. 3. 3. 3. 3. 3. 3. 3. 3. 3. 3. 3. 3. 3. 3. 3. 3.\n","  3. 3. 3. 3. 3. 3. 3. 3. 3. 3. 3. 3. 3. 3. 3. 3. 3. 3. 3. 3. 3. 3. 3. 3.\n","  3. 3.]\n"," [3. 3. 3. 3. 3. 3. 3. 3. 3. 3. 3. 3. 3. 3. 3. 3. 3. 3. 3. 3. 3. 3. 3. 3.\n","  3. 3. 3. 3. 3. 3. 3. 3. 3. 3. 3. 3. 3. 3. 3. 3. 3. 3. 3. 3. 3. 3. 3. 3.\n","  3. 3.]\n"," [3. 3. 3. 3. 3. 3. 3. 3. 3. 3. 3. 3. 3. 3. 3. 3. 3. 3. 3. 3. 3. 3. 3. 3.\n","  3. 3. 3. 3. 3. 3. 3. 3. 3. 3. 3. 3. 3. 3. 3. 3. 3. 3. 3. 3. 3. 3. 3. 3.\n","  3. 3.]\n"," [3. 3. 3. 3. 3. 3. 3. 3. 3. 3. 3. 3. 3. 3. 3. 3. 3. 3. 3. 3. 3. 3. 3. 3.\n","  3. 3. 3. 3. 3. 3. 3. 3. 3. 3. 3. 3. 3. 3. 3. 3. 3. 3. 3. 3. 3. 3. 3. 3.\n","  3. 3.]\n"," [3. 3. 3. 3. 3. 3. 3. 3. 3. 3. 3. 3. 3. 3. 3. 3. 3. 3. 3. 3. 3. 3. 3. 3.\n","  3. 3. 3. 3. 3. 3. 3. 3. 3. 3. 3. 3. 3. 3. 3. 3. 3. 3. 3. 3. 3. 3. 3. 3.\n","  3. 3.]\n"," [3. 3. 3. 3. 3. 3. 3. 3. 3. 3. 3. 3. 3. 3. 3. 3. 3. 3. 3. 3. 3. 3. 3. 3.\n","  3. 3. 3. 3. 3. 3. 3. 3. 3. 3. 3. 3. 3. 3. 3. 3. 3. 3. 3. 3. 3. 3. 3. 3.\n","  3. 3.]\n"," [3. 3. 3. 3. 3. 3. 3. 3. 3. 3. 3. 3. 3. 3. 3. 3. 3. 3. 3. 3. 3. 3. 3. 3.\n","  3. 3. 3. 3. 3. 3. 3. 3. 3. 3. 3. 3. 3. 3. 3. 3. 3. 3. 3. 3. 3. 3. 3. 3.\n","  3. 3.]]\n","[[0.3 0.3 0.3 0.3 0.3 0.3 0.3 0.3 0.3]\n"," [0.3 0.3 0.3 0.3 0.3 0.3 0.3 0.3 0.3]\n"," [0.3 0.3 0.3 0.3 0.3 0.3 0.3 0.3 0.3]\n"," [0.3 0.3 0.3 0.3 0.3 0.3 0.3 0.3 0.3]\n"," [0.3 0.3 0.3 0.3 0.3 0.3 0.3 0.3 0.3]\n"," [0.3 0.3 0.3 0.3 0.3 0.3 0.3 0.3 0.3]\n"," [0.3 0.3 0.3 0.3 0.3 0.3 0.3 0.3 0.3]\n"," [0.3 0.3 0.3 0.3 0.3 0.3 0.3 0.3 0.3]\n"," [0.3 0.3 0.3 0.3 0.3 0.3 0.3 0.3 0.3]\n"," [0.3 0.3 0.3 0.3 0.3 0.3 0.3 0.3 0.3]\n"," [0.3 0.3 0.3 0.3 0.3 0.3 0.3 0.3 0.3]\n"," [0.3 0.3 0.3 0.3 0.3 0.3 0.3 0.3 0.3]\n"," [0.3 0.3 0.3 0.3 0.3 0.3 0.3 0.3 0.3]\n"," [0.3 0.3 0.3 0.3 0.3 0.3 0.3 0.3 0.3]\n"," [0.3 0.3 0.3 0.3 0.3 0.3 0.3 0.3 0.3]\n"," [0.3 0.3 0.3 0.3 0.3 0.3 0.3 0.3 0.3]\n"," [0.3 0.3 0.3 0.3 0.3 0.3 0.3 0.3 0.3]\n"," [0.3 0.3 0.3 0.3 0.3 0.3 0.3 0.3 0.3]\n"," [0.3 0.3 0.3 0.3 0.3 0.3 0.3 0.3 0.3]\n"," [0.3 0.3 0.3 0.3 0.3 0.3 0.3 0.3 0.3]\n"," [0.3 0.3 0.3 0.3 0.3 0.3 0.3 0.3 0.3]\n"," [0.3 0.3 0.3 0.3 0.3 0.3 0.3 0.3 0.3]\n"," [0.3 0.3 0.3 0.3 0.3 0.3 0.3 0.3 0.3]\n"," [0.3 0.3 0.3 0.3 0.3 0.3 0.3 0.3 0.3]\n"," [0.3 0.3 0.3 0.3 0.3 0.3 0.3 0.3 0.3]\n"," [0.3 0.3 0.3 0.3 0.3 0.3 0.3 0.3 0.3]\n"," [0.3 0.3 0.3 0.3 0.3 0.3 0.3 0.3 0.3]\n"," [0.3 0.3 0.3 0.3 0.3 0.3 0.3 0.3 0.3]\n"," [0.3 0.3 0.3 0.3 0.3 0.3 0.3 0.3 0.3]\n"," [0.3 0.3 0.3 0.3 0.3 0.3 0.3 0.3 0.3]\n"," [0.3 0.3 0.3 0.3 0.3 0.3 0.3 0.3 0.3]\n"," [0.3 0.3 0.3 0.3 0.3 0.3 0.3 0.3 0.3]\n"," [0.3 0.3 0.3 0.3 0.3 0.3 0.3 0.3 0.3]\n"," [0.3 0.3 0.3 0.3 0.3 0.3 0.3 0.3 0.3]\n"," [0.3 0.3 0.3 0.3 0.3 0.3 0.3 0.3 0.3]\n"," [0.3 0.3 0.3 0.3 0.3 0.3 0.3 0.3 0.3]\n"," [0.3 0.3 0.3 0.3 0.3 0.3 0.3 0.3 0.3]\n"," [0.3 0.3 0.3 0.3 0.3 0.3 0.3 0.3 0.3]\n"," [0.3 0.3 0.3 0.3 0.3 0.3 0.3 0.3 0.3]\n"," [0.3 0.3 0.3 0.3 0.3 0.3 0.3 0.3 0.3]\n"," [0.3 0.3 0.3 0.3 0.3 0.3 0.3 0.3 0.3]\n"," [0.3 0.3 0.3 0.3 0.3 0.3 0.3 0.3 0.3]\n"," [0.3 0.3 0.3 0.3 0.3 0.3 0.3 0.3 0.3]\n"," [0.3 0.3 0.3 0.3 0.3 0.3 0.3 0.3 0.3]\n"," [0.3 0.3 0.3 0.3 0.3 0.3 0.3 0.3 0.3]\n"," [0.3 0.3 0.3 0.3 0.3 0.3 0.3 0.3 0.3]\n"," [0.3 0.3 0.3 0.3 0.3 0.3 0.3 0.3 0.3]\n"," [0.3 0.3 0.3 0.3 0.3 0.3 0.3 0.3 0.3]\n"," [0.3 0.3 0.3 0.3 0.3 0.3 0.3 0.3 0.3]\n"," [0.3 0.3 0.3 0.3 0.3 0.3 0.3 0.3 0.3]]\n","(50, 9)\n","GLLiM dimensions are (L=4, D=9, K=50)\n"]}],"source":["Pi = np.ones(K) * 1 / K\n","A = np.ones((D, L, K))\n","C = np.ones((L, K)) * 2\n","Gamma = np.ones((K,L, L)) * 0.2\n","B = np.ones((D, K)) * 3\n","Sigma = np.ones((K,D, D)) * 0.3\n","print(Gamma.shape)\n","gllim.setParamPi(Pi)\n","gllim.setParamA(A)\n","gllim.setParamC(C)\n","gllim.setParamGamma(Gamma)\n","gllim.setParamB(B)\n","gllim.setParamSigma(np.array(Sigma[:,:,0]))\n","\n","theta = gllim.getParams()\n","print(theta.Pi)\n","print(theta.A)\n","print(theta.C)\n","print(theta.Gamma)\n","print(theta.B)\n","print(theta.Sigma)\n","print(theta.Sigma.shape)\n","print(gllim.getDimensions())"]},{"cell_type":"code","execution_count":9,"metadata":{},"outputs":[{"name":"stdout","output_type":"stream","text":["GLLiM dimensions are (L=4, D=9, K=50)\n","GLLiM dimensions are (L=4, D=9, K=50)\n"]}],"source":["print(gllim.getDimensions())\n","gllim.getParams()\n","print(gllim.getDimensions())"]},{"cell_type":"code","execution_count":10,"metadata":{},"outputs":[{"name":"stdout","output_type":"stream","text":["<class 'newkernelo._GLLiMParameters_full_diag'>\n","GLLiM dimensions are (L=4, D=9, K=50)\n","GLLiM dimensions are (L=4, D=9, K=50)\n","[[0.02 0.02 0.02 0.02 0.02 0.02 0.02 0.02 0.02 0.02 0.02 0.02 0.02 0.02\n","  0.02 0.02 0.02 0.02 0.02 0.02 0.02 0.02 0.02 0.02 0.02 0.02 0.02 0.02\n","  0.02 0.02 0.02 0.02 0.02 0.02 0.02 0.02 0.02 0.02 0.02 0.02 0.02 0.02\n","  0.02 0.02 0.02 0.02 0.02 0.02 0.02 0.02]]\n","[[[3. 3. 3. ... 3. 3. 3.]\n","  [3. 3. 3. ... 3. 3. 3.]\n","  [3. 3. 3. ... 3. 3. 3.]\n","  [3. 3. 3. ... 3. 3. 3.]]\n","\n"," [[3. 3. 3. ... 3. 3. 3.]\n","  [3. 3. 3. ... 3. 3. 3.]\n","  [3. 3. 3. ... 3. 3. 3.]\n","  [3. 3. 3. ... 3. 3. 3.]]\n","\n"," [[3. 3. 3. ... 3. 3. 3.]\n","  [3. 3. 3. ... 3. 3. 3.]\n","  [3. 3. 3. ... 3. 3. 3.]\n","  [3. 3. 3. ... 3. 3. 3.]]\n","\n"," ...\n","\n"," [[3. 3. 3. ... 3. 3. 3.]\n","  [3. 3. 3. ... 3. 3. 3.]\n","  [3. 3. 3. ... 3. 3. 3.]\n","  [3. 3. 3. ... 3. 3. 3.]]\n","\n"," [[3. 3. 3. ... 3. 3. 3.]\n","  [3. 3. 3. ... 3. 3. 3.]\n","  [3. 3. 3. ... 3. 3. 3.]\n","  [3. 3. 3. ... 3. 3. 3.]]\n","\n"," [[3. 3. 3. ... 3. 3. 3.]\n","  [3. 3. 3. ... 3. 3. 3.]\n","  [3. 3. 3. ... 3. 3. 3.]\n","  [3. 3. 3. ... 3. 3. 3.]]]\n","[[4. 4. 4. 4. 4. 4. 4. 4. 4. 4. 4. 4. 4. 4. 4. 4. 4. 4. 4. 4. 4. 4. 4. 4.\n","  4. 4. 4. 4. 4. 4. 4. 4. 4. 4. 4. 4. 4. 4. 4. 4. 4. 4. 4. 4. 4. 4. 4. 4.\n","  4. 4.]\n"," [4. 4. 4. 4. 4. 4. 4. 4. 4. 4. 4. 4. 4. 4. 4. 4. 4. 4. 4. 4. 4. 4. 4. 4.\n","  4. 4. 4. 4. 4. 4. 4. 4. 4. 4. 4. 4. 4. 4. 4. 4. 4. 4. 4. 4. 4. 4. 4. 4.\n","  4. 4.]\n"," [4. 4. 4. 4. 4. 4. 4. 4. 4. 4. 4. 4. 4. 4. 4. 4. 4. 4. 4. 4. 4. 4. 4. 4.\n","  4. 4. 4. 4. 4. 4. 4. 4. 4. 4. 4. 4. 4. 4. 4. 4. 4. 4. 4. 4. 4. 4. 4. 4.\n","  4. 4.]\n"," [4. 4. 4. 4. 4. 4. 4. 4. 4. 4. 4. 4. 4. 4. 4. 4. 4. 4. 4. 4. 4. 4. 4. 4.\n","  4. 4. 4. 4. 4. 4. 4. 4. 4. 4. 4. 4. 4. 4. 4. 4. 4. 4. 4. 4. 4. 4. 4. 4.\n","  4. 4.]]\n","[[[0.00473251 0.00474448 0.00463661 0.00460913]\n","  [0.00474448 0.00477276 0.00464597 0.00461045]\n","  [0.00463661 0.00464597 0.00455208 0.00451775]\n","  [0.00460913 0.00461045 0.00451775 0.00450553]]\n","\n"," [[0.00465052 0.00472492 0.0045999  0.0045406 ]\n","  [0.00472492 0.00481761 0.00466686 0.00462205]\n","  [0.0045999  0.00466686 0.00455515 0.00449189]\n","  [0.0045406  0.00462205 0.00449189 0.0044614 ]]\n","\n"," [[0.00477189 0.00468933 0.00473935 0.00463628]\n","  [0.00468933 0.00462496 0.00467495 0.00457179]\n","  [0.00473935 0.00467495 0.00473544 0.0046228 ]\n","  [0.00463628 0.00457179 0.0046228  0.00452729]]\n","\n"," [[0.00473797 0.00447472 0.00458297 0.00472648]\n","  [0.00447472 0.00425732 0.00434964 0.00448632]\n","  [0.00458297 0.00434964 0.00446745 0.00458718]\n","  [0.00472648 0.00448632 0.00458718 0.00474815]]\n","\n"," [[0.00465485 0.00460133 0.00457858 0.00469156]\n","  [0.00460133 0.00459018 0.00455213 0.0046652 ]\n","  [0.00457858 0.00455213 0.00452447 0.00462936]\n","  [0.00469156 0.0046652  0.00462936 0.00476285]]\n","\n"," [[0.00459753 0.00451007 0.00458805 0.00461692]\n","  [0.00451007 0.00445434 0.0045111  0.00453635]\n","  [0.00458805 0.0045111  0.00459418 0.00461175]\n","  [0.00461692 0.00453635 0.00461175 0.00464679]]\n","\n"," [[0.00475276 0.0046087  0.00466277 0.00473773]\n","  [0.0046087  0.00447842 0.00452184 0.00459124]\n","  [0.00466277 0.00452184 0.00457912 0.00464784]\n","  [0.00473773 0.00459124 0.00464784 0.00472897]]\n","\n"," [[0.00472209 0.00470329 0.00470076 0.00471053]\n","  [0.00470329 0.00472121 0.00471119 0.00471674]\n","  [0.00470076 0.00471119 0.00472132 0.00472007]\n","  [0.00471053 0.00471674 0.00472007 0.00474291]]\n","\n"," [[0.00479639 0.00469661 0.00474891 0.00470764]\n","  [0.00469661 0.00462144 0.00464455 0.00460937]\n","  [0.00474891 0.00464455 0.00470631 0.00466242]\n","  [0.00470764 0.00460937 0.00466242 0.00464419]]\n","\n"," [[0.00450198 0.00457816 0.00451135 0.00460148]\n","  [0.00457816 0.00466047 0.00459759 0.00467888]\n","  [0.00451135 0.00459759 0.00455892 0.00461213]\n","  [0.00460148 0.00467888 0.00461213 0.00471205]]\n","\n"," [[0.00463867 0.00463907 0.00466808 0.00458872]\n","  [0.00463907 0.00466202 0.00468217 0.00459904]\n","  [0.00466808 0.00468217 0.00471923 0.00463418]\n","  [0.00458872 0.00459904 0.00463418 0.00456314]]\n","\n"," [[0.00477048 0.00470039 0.00461532 0.00463457]\n","  [0.00470039 0.00465118 0.00455796 0.00456785]\n","  [0.00461532 0.00455796 0.00447855 0.00449028]\n","  [0.00463457 0.00456785 0.00449028 0.00452999]]\n","\n"," [[0.00464367 0.00480565 0.00457938 0.00459655]\n","  [0.00480565 0.00498383 0.00474365 0.00476549]\n","  [0.00457938 0.00474365 0.00452129 0.00453595]\n","  [0.00459655 0.00476549 0.00453595 0.00458503]]\n","\n"," [[0.00460418 0.0045075  0.00467457 0.00457961]\n","  [0.0045075  0.00444766 0.00460844 0.0044982 ]\n","  [0.00467457 0.00460844 0.00478492 0.00466601]\n","  [0.00457961 0.0044982  0.00466601 0.00457856]]\n","\n"," [[0.00443813 0.00446033 0.00440888 0.00454656]\n","  [0.00446033 0.00450032 0.00443732 0.00457511]\n","  [0.00440888 0.00443732 0.00439692 0.00451586]\n","  [0.00454656 0.00457511 0.00451586 0.00467685]]\n","\n"," [[0.00467209 0.0046417  0.00465087 0.00463348]\n","  [0.0046417  0.0046215  0.00463239 0.00460739]\n","  [0.00465087 0.00463239 0.00465412 0.00462289]\n","  [0.00463348 0.00460739 0.00462289 0.00460319]]\n","\n"," [[0.00457197 0.00450683 0.00454593 0.00465371]\n","  [0.00450683 0.00446508 0.00449131 0.00460083]\n","  [0.00454593 0.00449131 0.00452829 0.00462765]\n","  [0.00465371 0.00460083 0.00462765 0.00475954]]\n","\n"," [[0.00480748 0.00470416 0.00466668 0.00467071]\n","  [0.00470416 0.00464188 0.0045848  0.00460451]\n","  [0.00466668 0.0045848  0.00454622 0.00454635]\n","  [0.00467071 0.00460451 0.00454635 0.00458   ]]\n","\n"," [[0.00460211 0.00457925 0.0045919  0.00469159]\n","  [0.00457925 0.00456252 0.00457496 0.00466994]\n","  [0.0045919  0.00457496 0.00459415 0.00468931]\n","  [0.00469159 0.00466994 0.00468931 0.00480328]]\n","\n"," [[0.00483185 0.00475291 0.00470841 0.00475667]\n","  [0.00475291 0.00468432 0.00464189 0.00469054]\n","  [0.00470841 0.00464189 0.00462415 0.0046514 ]\n","  [0.00475667 0.00469054 0.0046514  0.00470528]]\n","\n"," [[0.00467765 0.00457427 0.00474296 0.00458029]\n","  [0.00457427 0.0044804  0.00463866 0.00448217]\n","  [0.00474296 0.00463866 0.00483283 0.00464836]\n","  [0.00458029 0.00448217 0.00464836 0.00450141]]\n","\n"," [[0.00455832 0.00461884 0.00465831 0.00457326]\n","  [0.00461884 0.00469623 0.00471358 0.0046483 ]\n","  [0.00465831 0.00471358 0.00477081 0.00467286]\n","  [0.00457326 0.0046483  0.00467286 0.00461571]]\n","\n"," [[0.00468638 0.004618   0.00467017 0.00462636]\n","  [0.004618   0.00458285 0.00462813 0.00457644]\n","  [0.00467017 0.00462813 0.00468409 0.00461905]\n","  [0.00462636 0.00457644 0.00461905 0.00459248]]\n","\n"," [[0.00469362 0.00460584 0.00462163 0.00469878]\n","  [0.00460584 0.00454463 0.00455947 0.00463042]\n","  [0.00462163 0.00455947 0.00461311 0.00465865]\n","  [0.00469878 0.00463042 0.00465865 0.00472852]]\n","\n"," [[0.00445469 0.00451914 0.00456585 0.00450776]\n","  [0.00451914 0.00460138 0.00463543 0.00458378]\n","  [0.00456585 0.00463543 0.0047114  0.00463217]\n","  [0.00450776 0.00458378 0.00463217 0.00458679]]\n","\n"," [[0.00472356 0.00469039 0.00460131 0.00459861]\n","  [0.00469039 0.00469194 0.00457696 0.00458465]\n","  [0.00460131 0.00457696 0.0045072  0.00448246]\n","  [0.00459861 0.00458465 0.00448246 0.00450762]]\n","\n"," [[0.00450434 0.00456178 0.00461925 0.00459364]\n","  [0.00456178 0.00463805 0.00466854 0.00466121]\n","  [0.00461925 0.00466854 0.00475105 0.00471526]\n","  [0.00459364 0.00466121 0.00471526 0.00470201]]\n","\n"," [[0.00478334 0.00468937 0.00471867 0.00477592]\n","  [0.00468937 0.00460989 0.00464636 0.00468907]\n","  [0.00471867 0.00464636 0.00469999 0.00473305]\n","  [0.00477592 0.00468907 0.00473305 0.0047869 ]]\n","\n"," [[0.00461122 0.00458651 0.00458116 0.00460449]\n","  [0.00458651 0.00456818 0.00456554 0.00459068]\n","  [0.00458116 0.00456554 0.00458198 0.00460521]\n","  [0.00460449 0.00459068 0.00460521 0.00463368]]\n","\n"," [[0.00464525 0.00462801 0.00458796 0.00468674]\n","  [0.00462801 0.00467272 0.00458907 0.00469397]\n","  [0.00458796 0.00458907 0.00456174 0.00464992]\n","  [0.00468674 0.00469397 0.00464992 0.00476034]]\n","\n"," [[0.00454639 0.00463426 0.00455689 0.00446695]\n","  [0.00463426 0.00476839 0.00465116 0.00457455]\n","  [0.00455689 0.00465116 0.00457471 0.00447985]\n","  [0.00446695 0.00457455 0.00447985 0.0044149 ]]\n","\n"," [[0.00465417 0.00463862 0.00461696 0.00458489]\n","  [0.00463862 0.00464912 0.00461811 0.00459364]\n","  [0.00461696 0.00461811 0.00459896 0.00456761]\n","  [0.00458489 0.00459364 0.00456761 0.00457223]]\n","\n"," [[0.00454453 0.0046322  0.0046015  0.00451038]\n","  [0.0046322  0.00474247 0.00470002 0.0046227 ]\n","  [0.0046015  0.00470002 0.00468982 0.00458404]\n","  [0.00451038 0.0046227  0.00458404 0.00452255]]\n","\n"," [[0.00469162 0.00455101 0.00460032 0.00456814]\n","  [0.00455101 0.00446216 0.0044864  0.00446434]\n","  [0.00460032 0.0044864  0.00455066 0.00449317]\n","  [0.00456814 0.00446434 0.00449317 0.00448914]]\n","\n"," [[0.00461145 0.00478284 0.00460512 0.00466158]\n","  [0.00478284 0.00499619 0.0047966  0.00485452]\n","  [0.00460512 0.0047966  0.00462814 0.00467492]\n","  [0.00466158 0.00485452 0.00467492 0.00473183]]\n","\n"," [[0.00473787 0.00462153 0.00460946 0.00468402]\n","  [0.00462153 0.00451368 0.00449882 0.00456537]\n","  [0.00460946 0.00449882 0.0044977  0.00455966]\n","  [0.00468402 0.00456537 0.00455966 0.0046389 ]]\n","\n"," [[0.00436132 0.00447193 0.00447017 0.00443347]\n","  [0.00447193 0.00461117 0.00460077 0.00456484]\n","  [0.00447017 0.00460077 0.0046057  0.00455637]\n","  [0.00443347 0.00456484 0.00455637 0.00452561]]\n","\n"," [[0.00476347 0.00472301 0.00464606 0.0047152 ]\n","  [0.00472301 0.00473358 0.00463769 0.00469859]\n","  [0.00464606 0.00463769 0.00456589 0.0046286 ]\n","  [0.0047152  0.00469859 0.0046286  0.00470161]]\n","\n"," [[0.00467478 0.00460673 0.00464915 0.00454156]\n","  [0.00460673 0.00460111 0.00460399 0.00449718]\n","  [0.00464915 0.00460399 0.00464351 0.0045268 ]\n","  [0.00454156 0.00449718 0.0045268  0.00443045]]\n","\n"," [[0.00460179 0.00468221 0.00444987 0.00466507]\n","  [0.00468221 0.00478116 0.00454188 0.00477233]\n","  [0.00444987 0.00454188 0.00432846 0.00453133]\n","  [0.00466507 0.00477233 0.00453133 0.00478237]]\n","\n"," [[0.00448173 0.00444591 0.00445771 0.00451677]\n","  [0.00444591 0.00442995 0.004438   0.00449559]\n","  [0.00445771 0.004438   0.00447452 0.00452361]\n","  [0.00451677 0.00449559 0.00452361 0.00459925]]\n","\n"," [[0.00472666 0.00468688 0.00472471 0.00469302]\n","  [0.00468688 0.00468959 0.00470921 0.00466267]\n","  [0.00472471 0.00470921 0.0047755  0.00472109]\n","  [0.00469302 0.00466267 0.00472109 0.00468481]]\n","\n"," [[0.0045815  0.00464597 0.00455493 0.00447144]\n","  [0.00464597 0.0047393  0.0046361  0.00454628]\n","  [0.00455493 0.0046361  0.00457293 0.00446038]\n","  [0.00447144 0.00454628 0.00446038 0.00438399]]\n","\n"," [[0.0046525  0.00457428 0.00456364 0.00458085]\n","  [0.00457428 0.00450191 0.00448729 0.00450178]\n","  [0.00456364 0.00448729 0.00451343 0.00451091]\n","  [0.00458085 0.00450178 0.00451091 0.00452869]]\n","\n"," [[0.00455002 0.00462944 0.00462177 0.00456191]\n","  [0.00462944 0.0047468  0.00472412 0.0046662 ]\n","  [0.00462177 0.00472412 0.00471007 0.00464453]\n","  [0.00456191 0.0046662  0.00464453 0.00461335]]\n","\n"," [[0.00450921 0.00453622 0.0045181  0.00463267]\n","  [0.00453622 0.00458811 0.00455976 0.00466679]\n","  [0.0045181  0.00455976 0.00455144 0.00465267]\n","  [0.00463267 0.00466679 0.00465267 0.00478237]]\n","\n"," [[0.00470427 0.00456334 0.00462236 0.00475025]\n","  [0.00456334 0.00446926 0.00451513 0.00463814]\n","  [0.00462236 0.00451513 0.00457915 0.00469958]\n","  [0.00475025 0.00463814 0.00469958 0.00484055]]\n","\n"," [[0.00458945 0.00466805 0.00457083 0.00458503]\n","  [0.00466805 0.00476476 0.00464353 0.00467592]\n","  [0.00457083 0.00464353 0.0045712  0.00456529]\n","  [0.00458503 0.00467592 0.00456529 0.00459997]]\n","\n"," [[0.00482601 0.00469606 0.00472031 0.00474343]\n","  [0.00469606 0.00458046 0.0045974  0.00462492]\n","  [0.00472031 0.0045974  0.00462751 0.00464271]\n","  [0.00474343 0.00462492 0.00464271 0.0046868 ]]\n","\n"," [[0.00470404 0.00462    0.00478801 0.00459888]\n","  [0.00462    0.0045569  0.00470333 0.00452826]\n","  [0.00478801 0.00470333 0.00488644 0.00468807]\n","  [0.00459888 0.00452826 0.00468807 0.00451642]]]\n","[[6. 6. 6. 6. 6. 6. 6. 6. 6. 6. 6. 6. 6. 6. 6. 6. 6. 6. 6. 6. 6. 6. 6. 6.\n","  6. 6. 6. 6. 6. 6. 6. 6. 6. 6. 6. 6. 6. 6. 6. 6. 6. 6. 6. 6. 6. 6. 6. 6.\n","  6. 6.]\n"," [6. 6. 6. 6. 6. 6. 6. 6. 6. 6. 6. 6. 6. 6. 6. 6. 6. 6. 6. 6. 6. 6. 6. 6.\n","  6. 6. 6. 6. 6. 6. 6. 6. 6. 6. 6. 6. 6. 6. 6. 6. 6. 6. 6. 6. 6. 6. 6. 6.\n","  6. 6.]\n"," [6. 6. 6. 6. 6. 6. 6. 6. 6. 6. 6. 6. 6. 6. 6. 6. 6. 6. 6. 6. 6. 6. 6. 6.\n","  6. 6. 6. 6. 6. 6. 6. 6. 6. 6. 6. 6. 6. 6. 6. 6. 6. 6. 6. 6. 6. 6. 6. 6.\n","  6. 6.]\n"," [6. 6. 6. 6. 6. 6. 6. 6. 6. 6. 6. 6. 6. 6. 6. 6. 6. 6. 6. 6. 6. 6. 6. 6.\n","  6. 6. 6. 6. 6. 6. 6. 6. 6. 6. 6. 6. 6. 6. 6. 6. 6. 6. 6. 6. 6. 6. 6. 6.\n","  6. 6.]\n"," [6. 6. 6. 6. 6. 6. 6. 6. 6. 6. 6. 6. 6. 6. 6. 6. 6. 6. 6. 6. 6. 6. 6. 6.\n","  6. 6. 6. 6. 6. 6. 6. 6. 6. 6. 6. 6. 6. 6. 6. 6. 6. 6. 6. 6. 6. 6. 6. 6.\n","  6. 6.]\n"," [6. 6. 6. 6. 6. 6. 6. 6. 6. 6. 6. 6. 6. 6. 6. 6. 6. 6. 6. 6. 6. 6. 6. 6.\n","  6. 6. 6. 6. 6. 6. 6. 6. 6. 6. 6. 6. 6. 6. 6. 6. 6. 6. 6. 6. 6. 6. 6. 6.\n","  6. 6.]\n"," [6. 6. 6. 6. 6. 6. 6. 6. 6. 6. 6. 6. 6. 6. 6. 6. 6. 6. 6. 6. 6. 6. 6. 6.\n","  6. 6. 6. 6. 6. 6. 6. 6. 6. 6. 6. 6. 6. 6. 6. 6. 6. 6. 6. 6. 6. 6. 6. 6.\n","  6. 6.]\n"," [6. 6. 6. 6. 6. 6. 6. 6. 6. 6. 6. 6. 6. 6. 6. 6. 6. 6. 6. 6. 6. 6. 6. 6.\n","  6. 6. 6. 6. 6. 6. 6. 6. 6. 6. 6. 6. 6. 6. 6. 6. 6. 6. 6. 6. 6. 6. 6. 6.\n","  6. 6.]\n"," [6. 6. 6. 6. 6. 6. 6. 6. 6. 6. 6. 6. 6. 6. 6. 6. 6. 6. 6. 6. 6. 6. 6. 6.\n","  6. 6. 6. 6. 6. 6. 6. 6. 6. 6. 6. 6. 6. 6. 6. 6. 6. 6. 6. 6. 6. 6. 6. 6.\n","  6. 6.]]\n","[[1.00792466 1.03671646 1.02786815 1.02511626 1.00410561 1.05400909\n","  1.07720251 1.00553853 1.00765313]\n"," [1.04981607 1.07292727 1.07157269 1.09572127 1.07568704 1.09539113\n","  1.09316188 1.06491068 1.07868233]\n"," [1.02948999 1.08676777 1.01655789 1.08269592 1.00430517 1.01985272\n","  1.05486758 1.03410027 1.07006826]\n"," [1.02611286 1.03983122 1.06906409 1.03682755 1.04459524 1.01719236\n","  1.06685018 1.0979015  1.09079534]\n"," [1.0183629  1.01330061 1.03152477 1.05136044 1.09931957 1.08790978\n","  1.06559279 1.05656837 1.055391  ]\n"," [1.06709162 1.07575848 1.03911419 1.03087108 1.02787252 1.04060307\n","  1.05384829 1.00422669 1.05830191]\n"," [1.02302554 1.04320527 1.04892346 1.06497655 1.08228912 1.09444129\n","  1.0946221  1.02543566 1.04516096]\n"," [1.0063657  1.07496813 1.0780791  1.08868499 1.01886104 1.05828122\n","  1.09380364 1.00659622 1.07378988]\n"," [1.09296886 1.08494591 1.09622208 1.09558681 1.09567306 1.05508831\n","  1.04923698 1.01970992 1.05666298]\n"," [1.07354106 1.08931506 1.07964656 1.03757119 1.01247112 1.08296807\n","  1.09722839 1.08267795 1.02582434]\n"," [1.07078527 1.09979244 1.02422359 1.05657702 1.02314165 1.0027556\n","  1.08248992 1.00383642 1.02411145]\n"," [1.06891353 1.04102458 1.05649997 1.09917649 1.04875111 1.02294758\n","  1.02542349 1.06029627 1.0243953 ]\n"," [1.04422848 1.05410838 1.05331212 1.09125671 1.06754019 1.05085698\n","  1.01417003 1.07412925 1.00676589]\n"," [1.00449503 1.06998088 1.02304955 1.0741642  1.09528192 1.04638756\n","  1.02274775 1.09302089 1.05376792]\n"," [1.06743505 1.02080998 1.07159346 1.07695248 1.06752762 1.00414357\n","  1.07200638 1.00443641 1.01540554]\n"," [1.0656183  1.02491258 1.04339844 1.05741048 1.08057212 1.01004386\n","  1.04794277 1.05162706 1.03072612]\n"," [1.03460027 1.00474938 1.01363896 1.0017406  1.0415846  1.09241332\n","  1.06564205 1.08710382 1.07037673]\n"," [1.07049393 1.05801341 1.08226142 1.07404782 1.01623836 1.04692938\n","  1.08521124 1.01637379 1.03968923]\n"," [1.00131802 1.08675925 1.02402366 1.03170061 1.06352737 1.03956299\n","  1.00529616 1.04573133 1.0967748 ]\n"," [1.01099517 1.09743581 1.02372456 1.07362149 1.03117964 1.09237482\n","  1.0120001  1.03260145 1.06371949]\n"," [1.05692159 1.08062012 1.0915026  1.00913035 1.01468888 1.00807784\n","  1.04338708 1.05761015 1.09430008]\n"," [1.05822864 1.09422464 1.01966211 1.0754417  1.03311553 1.08750712\n","  1.00716293 1.03351449 1.09170229]\n"," [1.01717838 1.04187951 1.07070646 1.01915206 1.0916069  1.07910631\n","  1.06235676 1.07273094 1.04444894]\n"," [1.06547427 1.03710458 1.05671    1.09952551 1.05991768 1.07422443\n","  1.01604441 1.05519687 1.02078491]\n"," [1.02894969 1.07190423 1.00982086 1.07921004 1.03699843 1.04660821\n","  1.07160835 1.09870968 1.05768771]\n"," [1.05489131 1.02388446 1.07445041 1.01938738 1.0371296  1.07901863\n","  1.06748745 1.0275852  1.01778457]\n"," [1.02335962 1.0493572  1.09133345 1.00899101 1.0083085  1.06927677\n","  1.08408309 1.02937709 1.06034139]\n"," [1.02315031 1.05511362 1.00526494 1.04994362 1.09246004 1.01335986\n","  1.01396194 1.0566626  1.02970887]\n"," [1.02538939 1.02295534 1.09982811 1.06429729 1.01923702 1.03022716\n","  1.06762023 1.09732119 1.0228681 ]\n"," [1.06681917 1.08662014 1.06798152 1.03645528 1.05920792 1.09704523\n","  1.09371085 1.03388168 1.05381263]\n"," [1.08747672 1.02350879 1.03989893 1.08928279 1.05510775 1.09870726\n","  1.003622   1.03669415 1.03468338]\n"," [1.02372466 1.02353101 1.07179023 1.00550153 1.0673982  1.01295147\n","  1.03677001 1.08290521 1.07795124]\n"," [1.08689641 1.05697571 1.05587798 1.06744217 1.04824985 1.06357448\n","  1.03078123 1.03813736 1.06602799]\n"," [1.09983979 1.09813715 1.05396056 1.07034969 1.00825383 1.02567691\n","  1.07892915 1.01040477 1.03244719]\n"," [1.02318119 1.00969322 1.02789721 1.09871375 1.03748488 1.01877032\n","  1.06811533 1.08968384 1.02243964]\n"," [1.04722718 1.00658311 1.06562067 1.01675114 1.07737274 1.0465146\n","  1.00292265 1.02801237 1.03075156]\n"," [1.01201985 1.04715975 1.02937076 1.07568817 1.04047817 1.03631286\n","  1.00273806 1.06164448 1.04750297]\n"," [1.08379616 1.08672952 1.09565621 1.02982983 1.0645299  1.06447558\n","  1.03451874 1.07039609 1.0764216 ]\n"," [1.02414656 1.03776389 1.06956531 1.02605721 1.01862344 1.02050784\n","  1.02412516 1.07954699 1.0156538 ]\n"," [1.00280014 1.09374507 1.04371673 1.03782986 1.00162572 1.09449543\n","  1.05121877 1.05946899 1.08087921]\n"," [1.06033923 1.02146465 1.08869657 1.03764027 1.06945799 1.03861258\n","  1.04289939 1.05502788 1.07245701]\n"," [1.06452196 1.07137258 1.06862184 1.07184638 1.07801755 1.02410621\n","  1.017383   1.06351549 1.08626487]\n"," [1.03713833 1.07410694 1.09221534 1.0819769  1.05652177 1.01630909\n","  1.05475903 1.05605722 1.05486589]\n"," [1.02176551 1.00937275 1.04067328 1.01463759 1.04094546 1.01875668\n","  1.03678873 1.00588223 1.03926531]\n"," [1.04882877 1.01611593 1.05864542 1.05671769 1.097682   1.06633395\n","  1.00192544 1.08640047 1.01621179]\n"," [1.04709739 1.01127475 1.06014332 1.03093503 1.0701088  1.08000536\n","  1.07481829 1.07851949 1.06485452]\n"," [1.03895677 1.06008137 1.01248687 1.08009343 1.05228631 1.06386876\n","  1.00315155 1.07053052 1.09266988]\n"," [1.06314986 1.06570259 1.09778176 1.08096881 1.02973437 1.00774038\n","  1.04660215 1.00773467 1.09176416]\n"," [1.06590188 1.02033876 1.04364876 1.06953145 1.0236982  1.03578994\n","  1.02064354 1.0045422  1.04952277]\n"," [1.05154488 1.03233144 1.03602497 1.09249215 1.06515077 1.01789074\n","  1.07757788 1.07127978 1.01183837]]\n"]}],"source":["new_theta = lib.GLLiMParameters(L,D,K, \"full\", \"diag\")\n","print(type(new_theta))\n","\n","Gamma = np.ones((K,L,L)) + np.random.rand(K,L,L) * 0.1\n","Sigma = np.ones((K,D)) + np.random.rand(K,D) * 0.1\n","for k in range(K):\n","    Gamma[k] += np.eye(L) * 0.1\n","    Gamma[k] = np.dot(Gamma[k], Gamma[k].T) * 0.001\n","    # Sigma[k] += np.eye(D) * 0.1\n","    # Sigma[k] = np.dot(Sigma[k], Sigma[k].T) * 0.001\n","new_theta.Pi = Pi\n","new_theta.A = A * 3\n","new_theta.C = C * 2\n","new_theta.Gamma = Gamma\n","new_theta.B = B * 2\n","new_theta.Sigma = Sigma\n","print(gllim.getDimensions())\n","gllim.setParams(new_theta)\n","print(gllim.getDimensions()) # TODO ERROR GLLiM<TGamma,TSigma> dimensions are (L=4000838736, D=32766, K=4000837888)\n","theta = gllim.getParams()\n","print(theta.Pi)\n","print(theta.A)\n","print(theta.C)\n","print(theta.Gamma)\n","print(theta.B)\n","print(theta.Sigma)"]},{"cell_type":"code","execution_count":11,"metadata":{},"outputs":[{"name":"stdout","output_type":"stream","text":["[[0.02 0.02 0.02 0.02 0.02 0.02 0.02 0.02 0.02 0.02 0.02 0.02 0.02 0.02\n","  0.02 0.02 0.02 0.02 0.02 0.02 0.02 0.02 0.02 0.02 0.02 0.02 0.02 0.02\n","  0.02 0.02 0.02 0.02 0.02 0.02 0.02 0.02 0.02 0.02 0.02 0.02 0.02 0.02\n","  0.02 0.02 0.02 0.02 0.02 0.02 0.02 0.02]]\n","[[[0.00814154 0.00808197 0.00809014 ... 0.00777284 0.00780969 0.00791029]\n","  [0.00791543 0.00790788 0.00766375 ... 0.00775422 0.00815843 0.00805751]\n","  [0.00798357 0.00791788 0.00819306 ... 0.00752763 0.00797621 0.00802879]\n","  ...\n","  [0.00761793 0.0077615  0.00789551 ... 0.00789573 0.008156   0.00771919]\n","  [0.00816086 0.00796741 0.00805407 ... 0.00820027 0.00828672 0.00776457]\n","  [0.00814373 0.00786569 0.00778335 ... 0.00756912 0.00793157 0.0082207 ]]\n","\n"," [[0.00816368 0.00821968 0.00797167 ... 0.0079159  0.00760938 0.00778243]\n","  [0.00793696 0.00804263 0.00755153 ... 0.00789694 0.00794917 0.00792727]\n","  [0.00800529 0.00805279 0.00807308 ... 0.00766617 0.00777163 0.00789901]\n","  ...\n","  [0.00763866 0.00789376 0.00777989 ... 0.00804106 0.0079468  0.00759442]\n","  [0.00818306 0.00810317 0.00793613 ... 0.00835119 0.00807417 0.00763906]\n","  [0.00816588 0.00799972 0.00766937 ... 0.00770843 0.00772813 0.00808783]]\n","\n"," [[0.00798051 0.00799373 0.00806251 ... 0.00774645 0.00764603 0.00806033]\n","  [0.00775887 0.00782155 0.00763758 ... 0.00772789 0.00798746 0.00821035]\n","  [0.00782566 0.00783143 0.00816508 ... 0.00750207 0.00780906 0.00818108]\n","  ...\n","  [0.00746726 0.00767677 0.00786855 ... 0.00786893 0.00798507 0.00786561]\n","  [0.00799944 0.00788043 0.00802657 ... 0.00817243 0.00811306 0.00791185]\n","  [0.00798266 0.00777982 0.00775677 ... 0.00754342 0.00776535 0.00837664]]\n","\n"," [[0.00793286 0.00790737 0.00788455 ... 0.00777826 0.00769124 0.00774994]\n","  [0.00771255 0.00773705 0.00746899 ... 0.00775963 0.00803469 0.00789418]\n","  [0.00777895 0.00774683 0.00798485 ... 0.00753288 0.00785524 0.00786603]\n","  ...\n","  [0.00742268 0.00759383 0.00769486 ... 0.00790124 0.0080323  0.00756271]\n","  [0.00795169 0.00779529 0.0078494  ... 0.00820599 0.00816104 0.00760717]\n","  [0.007935   0.00769577 0.00758556 ... 0.0075744  0.00781127 0.00805406]]]\n","[[54. 54. 54. 54. 54. 54. 54. 54. 54. 54. 54. 54. 54. 54. 54. 54. 54. 54.\n","  54. 54. 54. 54. 54. 54. 54. 54. 54. 54. 54. 54. 54. 54. 54. 54. 54. 54.\n","  54. 54. 54. 54. 54. 54. 54. 54. 54. 54. 54. 54. 54. 54.]\n"," [54. 54. 54. 54. 54. 54. 54. 54. 54. 54. 54. 54. 54. 54. 54. 54. 54. 54.\n","  54. 54. 54. 54. 54. 54. 54. 54. 54. 54. 54. 54. 54. 54. 54. 54. 54. 54.\n","  54. 54. 54. 54. 54. 54. 54. 54. 54. 54. 54. 54. 54. 54.]\n"," [54. 54. 54. 54. 54. 54. 54. 54. 54. 54. 54. 54. 54. 54. 54. 54. 54. 54.\n","  54. 54. 54. 54. 54. 54. 54. 54. 54. 54. 54. 54. 54. 54. 54. 54. 54. 54.\n","  54. 54. 54. 54. 54. 54. 54. 54. 54. 54. 54. 54. 54. 54.]\n"," [54. 54. 54. 54. 54. 54. 54. 54. 54. 54. 54. 54. 54. 54. 54. 54. 54. 54.\n","  54. 54. 54. 54. 54. 54. 54. 54. 54. 54. 54. 54. 54. 54. 54. 54. 54. 54.\n","  54. 54. 54. 54. 54. 54. 54. 54. 54. 54. 54. 54. 54. 54.]\n"," [54. 54. 54. 54. 54. 54. 54. 54. 54. 54. 54. 54. 54. 54. 54. 54. 54. 54.\n","  54. 54. 54. 54. 54. 54. 54. 54. 54. 54. 54. 54. 54. 54. 54. 54. 54. 54.\n","  54. 54. 54. 54. 54. 54. 54. 54. 54. 54. 54. 54. 54. 54.]\n"," [54. 54. 54. 54. 54. 54. 54. 54. 54. 54. 54. 54. 54. 54. 54. 54. 54. 54.\n","  54. 54. 54. 54. 54. 54. 54. 54. 54. 54. 54. 54. 54. 54. 54. 54. 54. 54.\n","  54. 54. 54. 54. 54. 54. 54. 54. 54. 54. 54. 54. 54. 54.]\n"," [54. 54. 54. 54. 54. 54. 54. 54. 54. 54. 54. 54. 54. 54. 54. 54. 54. 54.\n","  54. 54. 54. 54. 54. 54. 54. 54. 54. 54. 54. 54. 54. 54. 54. 54. 54. 54.\n","  54. 54. 54. 54. 54. 54. 54. 54. 54. 54. 54. 54. 54. 54.]\n"," [54. 54. 54. 54. 54. 54. 54. 54. 54. 54. 54. 54. 54. 54. 54. 54. 54. 54.\n","  54. 54. 54. 54. 54. 54. 54. 54. 54. 54. 54. 54. 54. 54. 54. 54. 54. 54.\n","  54. 54. 54. 54. 54. 54. 54. 54. 54. 54. 54. 54. 54. 54.]\n"," [54. 54. 54. 54. 54. 54. 54. 54. 54. 54. 54. 54. 54. 54. 54. 54. 54. 54.\n","  54. 54. 54. 54. 54. 54. 54. 54. 54. 54. 54. 54. 54. 54. 54. 54. 54. 54.\n","  54. 54. 54. 54. 54. 54. 54. 54. 54. 54. 54. 54. 54. 54.]]\n","[[[1.6747495  0.66682484 0.66682484 ... 0.66682484 0.66682484 0.66682484]\n","  [0.66682484 1.7035413  0.66682484 ... 0.66682484 0.66682484 0.66682484]\n","  [0.66682484 0.66682484 1.694693   ... 0.66682484 0.66682484 0.66682484]\n","  ...\n","  [0.66682484 0.66682484 0.66682484 ... 1.74402736 0.66682484 0.66682484]\n","  [0.66682484 0.66682484 0.66682484 ... 0.66682484 1.67236337 0.66682484]\n","  [0.66682484 0.66682484 0.66682484 .