{"cells":[{"cell_type":"code","execution_count":1,"metadata":{"metadata":{}},"outputs":[],"source":["import newkernelo as lib\n","import kernelo as oldker\n","import numpy as np\n","import time\n","import os.path\n","import json\n","import logging\n","logging.getLogger().setLevel(logging.INFO)"]},{"cell_type":"code","execution_count":2,"metadata":{},"outputs":[{"name":"stdout","output_type":"stream","text":["<class 'newkernelo._GLLiM_full_diag'>\n","(50, 4, 4)\n","GLLiM Parameters initialized\n","GLLiM dimensions are (L=4, D=9, K=50)\n","GLLiM constraints are :\n","\tgamma_type = 'full',\n","\tsigma_type = 'diag'.\n"]}],"source":["L = 4\n","D = 9\n","K = 50\n","\n","gllim = lib.GLLiM(L,D,K, gamma_type='full', sigma_type='diag')\n","print(type(gllim))\n","gllim.getDimensions()\n","gllim.getConstraints()\n","gllim.getParamPi()\n","gllim.getParamGamma()\n","print(gllim.getParamGamma().shape)\n"]},{"cell_type":"code","execution_count":3,"metadata":{},"outputs":[{"name":"stdout","output_type":"stream","text":["GLLiM Parameters initialized\n","GLLiM dimensions are (L=4, D=9, K=50)\n","GLLiM constraints are :\n","\tgamma_type = 'full',\n","\tsigma_type = 'full'.\n"]},{"data":{"text/plain":["<newkernelo._GLLiM_full_diag at 0x74480e1f9ab0>"]},"execution_count":3,"metadata":{},"output_type":"execute_result"}],"source":["lib._GLLiM_full_diag(L,D,K, gamma_type='full', sigma_type='full')"]},{"cell_type":"code","execution_count":4,"metadata":{},"outputs":[{"name":"stdout","output_type":"stream","text":["GLLiM dimensions are (L=4, D=9, K=50)\n"]},{"data":{"text/plain":["(50, 4, 4)"]},"execution_count":4,"metadata":{},"output_type":"execute_result"}],"source":["print(gllim.getDimensions())\n","gllim.getParams()\n","gllim.getParamGamma().shape"]},{"cell_type":"code","execution_count":5,"metadata":{},"outputs":[{"name":"stdout","output_type":"stream","text":["[[0. 0. 0. 0. 0. 0. 0. 0. 0. 0. 0. 0. 0. 0. 0. 0. 0. 0. 0. 0. 0. 0. 0. 0.\n","  0. 0. 0. 0. 0. 0. 0. 0. 0. 0. 0. 0. 0. 0. 0. 0. 0. 0. 0. 0. 0. 0. 0. 0.\n","  0. 0.]]\n","(9, 4, 50)\n","GLLiM dimensions are (L=4, D=9, K=50)\n"]}],"source":["theta = gllim.getParams()\n","print(theta.Pi)\n","print(theta.A.shape)\n","# print(theta.L)\n","print(gllim.getDimensions())"]},{"cell_type":"code","execution_count":6,"metadata":{},"outputs":[{"name":"stdout","output_type":"stream","text":["GLLiM dimensions are (L=4, D=9, K=50)\n"]}],"source":["gllim.getParams()\n","gllim.getParamPi()\n","gllim.getParamA()\n","gllim.getParamC()\n","gllim.getParamGamma()\n","gllim.getParamB()\n","gllim.getParamSigma()\n","print(gllim.getDimensions())"]},{"cell_type":"code","execution_count":7,"metadata":{},"outputs":[{"name":"stdout","output_type":"stream","text":["GLLiM dimensions are (L=4, D=9, K=50)\n"]}],"source":["gllim.getInverse().C\n","print(gllim.getDimensions())"]},{"cell_type":"code","execution_count":8,"metadata":{},"outputs":[{"name":"stdout","output_type":"stream","text":["(50, 4, 4)\n","[[0.02 0.02 0.02 0.02 0.02 0.02 0.02 0.02 0.02 0.02 0.02 0.02 0.02 0.02\n","  0.02 0.02 0.02 0.02 0.02 0.02 0.02 0.02 0.02 0.02 0.02 0.02 0.02 0.02\n","  0.02 0.02 0.02 0.02 0.02 0.02 0.02 0.02 0.02 0.02 0.02 0.02 0.02 0.02\n","  0.02 0.02 0.02 0.02 0.02 0.02 0.02 0.02]]\n","[[[1. 1. 1. ... 1. 1. 1.]\n","  [1. 1. 1. ... 1. 1. 1.]\n","  [1. 1. 1. ... 1. 1. 1.]\n","  [1. 1. 1. ... 1. 1. 1.]]\n","\n"," [[1. 1. 1. ... 1. 1. 1.]\n","  [1. 1. 1. ... 1. 1. 1.]\n","  [1. 1. 1. ... 1. 1. 1.]\n","  [1. 1. 1. ... 1. 1. 1.]]\n","\n"," [[1. 1. 1. ... 1. 1. 1.]\n","  [1. 1. 1. ... 1. 1. 1.]\n","  [1. 1. 1. ... 1. 1. 1.]\n","  [1. 1. 1. ... 1. 1. 1.]]\n","\n"," ...\n","\n"," [[1. 1. 1. ... 1. 1. 1.]\n","  [1. 1. 1. ... 1. 1. 1.]\n","  [1. 1. 1. ... 1. 1. 1.]\n","  [1. 1. 1. ... 1. 1. 1.]]\n","\n"," [[1. 1. 1. ... 1. 1. 1.]\n","  [1. 1. 1. ... 1. 1. 1.]\n","  [1. 1. 1. ... 1. 1. 1.]\n","  [1. 1. 1. ... 1. 1. 1.]]\n","\n"," [[1. 1. 1. ... 1. 1. 1.]\n","  [1. 1. 1. ... 1. 1. 1.]\n","  [1. 1. 1. ... 1. 1. 1.]\n","  [1. 1. 1. ... 1. 1. 1.]]]\n","[[2. 2. 2. 2. 2. 2. 2. 2. 2. 2. 2. 2. 2. 2. 2. 2. 2. 2. 2. 2. 2. 2. 2. 2.\n","  2. 2. 2. 2. 2. 2. 2. 2. 2. 2. 2. 2. 2. 2. 2. 2. 2. 2. 2. 2. 2. 2. 2. 2.\n","  2. 2.]\n"," [2. 2. 2. 2. 2. 2. 2. 2. 2. 2. 2. 2. 2. 2. 2. 2. 2. 2. 2. 2. 2. 2. 2. 2.\n","  2. 2. 2. 2. 2. 2. 2. 2. 2. 2. 2. 2. 2. 2. 2. 2. 2. 2. 2. 2. 2. 2. 2. 2.\n","  2. 2.]\n"," [2. 2. 2. 2. 2. 2. 2. 2. 2. 2. 2. 2. 2. 2. 2. 2. 2. 2. 2. 2. 2. 2. 2. 2.\n","  2. 2. 2. 2. 2. 2. 2. 2. 2. 2. 2. 2. 2. 2. 2. 2. 2. 2. 2. 2. 2. 2. 2. 2.\n","  2. 2.]\n"," [2. 2. 2. 2. 2. 2. 2. 2. 2. 2. 2. 2. 2. 2. 2. 2. 2. 2. 2. 2. 2. 2. 2. 2.\n","  2. 2. 2. 2. 2. 2. 2. 2. 2. 2. 2. 2. 2. 2. 2. 2. 2. 2. 2. 2. 2. 2. 2. 2.\n","  2. 2.]]\n","[[[0.2 0.2 0.2 0.2]\n","  [0.2 0.2 0.2 0.2]\n","  [0.2 0.2 0.2 0.2]\n","  [0.2 0.2 0.2 0.2]]\n","\n"," [[0.2 0.2 0.2 0.2]\n","  [0.2 0.2 0.2 0.2]\n","  [0.2 0.2 0.2 0.2]\n","  [0.2 0.2 0.2 0.2]]\n","\n"," [[0.2 0.2 0.2 0.2]\n","  [0.2 0.2 0.2 0.2]\n","  [0.2 0.2 0.2 0.2]\n","  [0.2 0.2 0.2 0.2]]\n","\n"," [[0.2 0.2 0.2 0.2]\n","  [0.2 0.2 0.2 0.2]\n","  [0.2 0.2 0.2 0.2]\n","  [0.2 0.2 0.2 0.2]]\n","\n"," [[0.2 0.2 0.2 0.2]\n","  [0.2 0.2 0.2 0.2]\n","  [0.2 0.2 0.2 0.2]\n","  [0.2 0.2 0.2 0.2]]\n","\n"," [[0.2 0.2 0.2 0.2]\n","  [0.2 0.2 0.2 0.2]\n","  [0.2 0.2 0.2 0.2]\n","  [0.2 0.2 0.2 0.2]]\n","\n"," [[0.2 0.2 0.2 0.2]\n","  [0.2 0.2 0.2 0.2]\n","  [0.2 0.2 0.2 0.2]\n","  [0.2 0.2 0.2 0.2]]\n","\n"," [[0.2 0.2 0.2 0.2]\n","  [0.2 0.2 0.2 0.2]\n","  [0.2 0.2 0.2 0.2]\n","  [0.2 0.2 0.2 0.2]]\n","\n"," [[0.2 0.2 0.2 0.2]\n","  [0.2 0.2 0.2 0.2]\n","  [0.2 0.2 0.2 0.2]\n","  [0.2 0.2 0.2 0.2]]\n","\n"," [[0.2 0.2 0.2 0.2]\n","  [0.2 0.2 0.2 0.2]\n","  [0.2 0.2 0.2 0.2]\n","  [0.2 0.2 0.2 0.2]]\n","\n"," [[0.2 0.2 0.2 0.2]\n","  [0.2 0.2 0.2 0.2]\n","  [0.2 0.2 0.2 0.2]\n","  [0.2 0.2 0.2 0.2]]\n","\n"," [[0.2 0.2 0.2 0.2]\n","  [0.2 0.2 0.2 0.2]\n","  [0.2 0.2 0.2 0.2]\n","  [0.2 0.2 0.2 0.2]]\n","\n"," [[0.2 0.2 0.2 0.2]\n","  [0.2 0.2 0.2 0.2]\n","  [0.2 0.2 0.2 0.2]\n","  [0.2 0.2 0.2 0.2]]\n","\n"," [[0.2 0.2 0.2 0.2]\n","  [0.2 0.2 0.2 0.2]\n","  [0.2 0.2 0.2 0.2]\n","  [0.2 0.2 0.2 0.2]]\n","\n"," [[0.2 0.2 0.2 0.2]\n","  [0.2 0.2 0.2 0.2]\n","  [0.2 0.2 0.2 0.2]\n","  [0.2 0.2 0.2 0.2]]\n","\n"," [[0.2 0.2 0.2 0.2]\n","  [0.2 0.2 0.2 0.2]\n","  [0.2 0.2 0.2 0.2]\n","  [0.2 0.2 0.2 0.2]]\n","\n"," [[0.2 0.2 0.2 0.2]\n","  [0.2 0.2 0.2 0.2]\n","  [0.2 0.2 0.2 0.2]\n","  [0.2 0.2 0.2 0.2]]\n","\n"," [[0.2 0.2 0.2 0.2]\n","  [0.2 0.2 0.2 0.2]\n","  [0.2 0.2 0.2 0.2]\n","  [0.2 0.2 0.2 0.2]]\n","\n"," [[0.2 0.2 0.2 0.2]\n","  [0.2 0.2 0.2 0.2]\n","  [0.2 0.2 0.2 0.2]\n","  [0.2 0.2 0.2 0.2]]\n","\n"," [[0.2 0.2 0.2 0.2]\n","  [0.2 0.2 0.2 0.2]\n","  [0.2 0.2 0.2 0.2]\n","  [0.2 0.2 0.2 0.2]]\n","\n"," [[0.2 0.2 0.2 0.2]\n","  [0.2 0.2 0.2 0.2]\n","  [0.2 0.2 0.2 0.2]\n","  [0.2 0.2 0.2 0.2]]\n","\n"," [[0.2 0.2 0.2 0.2]\n","  [0.2 0.2 0.2 0.2]\n","  [0.2 0.2 0.2 0.2]\n","  [0.2 0.2 0.2 0.2]]\n","\n"," [[0.2 0.2 0.2 0.2]\n","  [0.2 0.2 0.2 0.2]\n","  [0.2 0.2 0.2 0.2]\n","  [0.2 0.2 0.2 0.2]]\n","\n"," [[0.2 0.2 0.2 0.2]\n","  [0.2 0.2 0.2 0.2]\n","  [0.2 0.2 0.2 0.2]\n","  [0.2 0.2 0.2 0.2]]\n","\n"," [[0.2 0.2 0.2 0.2]\n","  [0.2 0.2 0.2 0.2]\n","  [0.2 0.2 0.2 0.2]\n","  [0.2 0.2 0.2 0.2]]\n","\n"," [[0.2 0.2 0.2 0.2]\n","  [0.2 0.2 0.2 0.2]\n","  [0.2 0.2 0.2 0.2]\n","  [0.2 0.2 0.2 0.2]]\n","\n"," [[0.2 0.2 0.2 0.2]\n","  [0.2 0.2 0.2 0.2]\n","  [0.2 0.2 0.2 0.2]\n","  [0.2 0.2 0.2 0.2]]\n","\n"," [[0.2 0.2 0.2 0.2]\n","  [0.2 0.2 0.2 0.2]\n","  [0.2 0.2 0.2 0.2]\n","  [0.2 0.2 0.2 0.2]]\n","\n"," [[0.2 0.2 0.2 0.2]\n","  [0.2 0.2 0.2 0.2]\n","  [0.2 0.2 0.2 0.2]\n","  [0.2 0.2 0.2 0.2]]\n","\n"," [[0.2 0.2 0.2 0.2]\n","  [0.2 0.2 0.2 0.2]\n","  [0.2 0.2 0.2 0.2]\n","  [0.2 0.2 0.2 0.2]]\n","\n"," [[0.2 0.2 0.2 0.2]\n","  [0.2 0.2 0.2 0.2]\n","  [0.2 0.2 0.2 0.2]\n","  [0.2 0.2 0.2 0.2]]\n","\n"," [[0.2 0.2 0.2 0.2]\n","  [0.2 0.2 0.2 0.2]\n","  [0.2 0.2 0.2 0.2]\n","  [0.2 0.2 0.2 0.2]]\n","\n"," [[0.2 0.2 0.2 0.2]\n","  [0.2 0.2 0.2 0.2]\n","  [0.2 0.2 0.2 0.2]\n","  [0.2 0.2 0.2 0.2]]\n","\n"," [[0.2 0.2 0.2 0.2]\n","  [0.2 0.2 0.2 0.2]\n","  [0.2 0.2 0.2 0.2]\n","  [0.2 0.2 0.2 0.2]]\n","\n"," [[0.2 0.2 0.2 0.2]\n","  [0.2 0.2 0.2 0.2]\n","  [0.2 0.2 0.2 0.2]\n","  [0.2 0.2 0.2 0.2]]\n","\n"," [[0.2 0.2 0.2 0.2]\n","  [0.2 0.2 0.2 0.2]\n","  [0.2 0.2 0.2 0.2]\n","  [0.2 0.2 0.2 0.2]]\n","\n"," [[0.2 0.2 0.2 0.2]\n","  [0.2 0.2 0.2 0.2]\n","  [0.2 0.2 0.2 0.2]\n","  [0.2 0.2 0.2 0.2]]\n","\n"," [[0.2 0.2 0.2 0.2]\n","  [0.2 0.2 0.2 0.2]\n","  [0.2 0.2 0.2 0.2]\n","  [0.2 0.2 0.2 0.2]]\n","\n"," [[0.2 0.2 0.2 0.2]\n","  [0.2 0.2 0.2 0.2]\n","  [0.2 0.2 0.2 0.2]\n","  [0.2 0.2 0.2 0.2]]\n","\n"," [[0.2 0.2 0.2 0.2]\n","  [0.2 0.2 0.2 0.2]\n","  [0.2 0.2 0.2 0.2]\n","  [0.2 0.2 0.2 0.2]]\n","\n"," [[0.2 0.2 0.2 0.2]\n","  [0.2 0.2 0.2 0.2]\n","  [0.2 0.2 0.2 0.2]\n","  [0.2 0.2 0.2 0.2]]\n","\n"," [[0.2 0.2 0.2 0.2]\n","  [0.2 0.2 0.2 0.2]\n","  [0.2 0.2 0.2 0.2]\n","  [0.2 0.2 0.2 0.2]]\n","\n"," [[0.2 0.2 0.2 0.2]\n","  [0.2 0.2 0.2 0.2]\n","  [0.2 0.2 0.2 0.2]\n","  [0.2 0.2 0.2 0.2]]\n","\n"," [[0.2 0.2 0.2 0.2]\n","  [0.2 0.2 0.2 0.2]\n","  [0.2 0.2 0.2 0.2]\n","  [0.2 0.2 0.2 0.2]]\n","\n"," [[0.2 0.2 0.2 0.2]\n","  [0.2 0.2 0.2 0.2]\n","  [0.2 0.2 0.2 0.2]\n","  [0.2 0.2 0.2 0.2]]\n","\n"," [[0.2 0.2 0.2 0.2]\n","  [0.2 0.2 0.2 0.2]\n","  [0.2 0.2 0.2 0.2]\n","  [0.2 0.2 0.2 0.2]]\n","\n"," [[0.2 0.2 0.2 0.2]\n","  [0.2 0.2 0.2 0.2]\n","  [0.2 0.2 0.2 0.2]\n","  [0.2 0.2 0.2 0.2]]\n","\n"," [[0.2 0.2 0.2 0.2]\n","  [0.2 0.2 0.2 0.2]\n","  [0.2 0.2 0.2 0.2]\n","  [0.2 0.2 0.2 0.2]]\n","\n"," [[0.2 0.2 0.2 0.2]\n","  [0.2 0.2 0.2 0.2]\n","  [0.2 0.2 0.2 0.2]\n","  [0.2 0.2 0.2 0.2]]\n","\n"," [[0.2 0.2 0.2 0.2]\n","  [0.2 0.2 0.2 0.2]\n","  [0.2 0.2 0.2 0.2]\n","  [0.2 0.2 0.2 0.2]]]\n","[[3. 3. 3. 3. 3. 3. 3. 3. 3. 3. 3. 3. 3. 3. 3. 3. 3. 3. 3. 3. 3. 3. 3. 3.\n","  3. 3. 3. 3. 3. 3. 3. 3. 3. 3. 3. 3. 3. 3. 3. 3. 3. 3. 3. 3. 3. 3. 3. 3.\n","  3. 3.]\n"," [3. 3. 3. 3. 3. 3. 3. 3. 3. 3. 3. 3. 3. 3. 3. 3. 3. 3. 3. 3. 3. 3. 3. 3.\n","  3. 3. 3. 3. 3. 3. 3. 3. 3. 3. 3. 3. 3. 3. 3. 3. 3. 3. 3. 3. 3. 3. 3. 3.\n","  3. 3.]\n"," [3. 3. 3. 3. 3. 3. 3. 3. 3. 3. 3. 3. 3. 3. 3. 3. 3. 3. 3. 3. 3. 3. 3. 3.\n","  3. 3. 3. 3. 3. 3. 3. 3. 3. 3. 3. 3. 3. 3. 3. 3. 3. 3. 3. 3. 3. 3. 3. 3.\n","  3. 3.]\n"," [3. 3. 3. 3. 3. 3. 3. 3. 3. 3. 3. 3. 3. 3. 3. 3. 3. 3. 3. 3. 3. 3. 3. 3.\n","  3. 3. 3. 3. 3. 3. 3. 3. 3. 3. 3. 3. 3. 3. 3. 3. 3. 3. 3. 3. 3. 3. 3. 3.\n","  3. 3.]\n"," [3. 3. 3. 3. 3. 3. 3. 3. 3. 3. 3. 3. 3. 3. 3. 3. 3. 3. 3. 3. 3. 3. 3. 3.\n","  3. 3. 3. 3. 3. 3. 3. 3. 3. 3. 3. 3. 3. 3. 3. 3. 3. 3. 3. 3. 3. 3. 3. 3.\n","  3. 3.]\n"," [3. 3. 3. 3. 3. 3. 3. 3. 3. 3. 3. 3. 3. 3. 3. 3. 3. 3. 3. 3. 3. 3. 3. 3.\n","  3. 3. 3. 3. 3. 3. 3. 3. 3. 3. 3. 3. 3. 3. 3. 3. 3. 3. 3. 3. 3. 3. 3. 3.\n","  3. 3.]\n"," [3. 3. 3. 3. 3. 3. 3. 3. 3. 3. 3. 3. 3. 3. 3. 3. 3. 3. 3. 3. 3. 3. 3. 3.\n","  3. 3. 3. 3. 3. 3. 3. 3. 3. 3. 3. 3. 3. 3. 3. 3. 3. 3. 3. 3. 3. 3. 3. 3.\n","  3. 3.]\n"," [3. 3. 3. 3. 3. 3. 3. 3. 3. 3. 3. 3. 3. 3. 3. 3. 3. 3. 3. 3. 3. 3. 3. 3.\n","  3. 3. 3. 3. 3. 3. 3. 3. 3. 3. 3. 3. 3. 3. 3. 3. 3. 3. 3. 3. 3. 3. 3. 3.\n","  3. 3.]\n"," [3. 3. 3. 3. 3. 3. 3. 3. 3. 3. 3. 3. 3. 3. 3. 3. 3. 3. 3. 3. 3. 3. 3. 3.\n","  3. 3. 3. 3. 3. 3. 3. 3. 3. 3. 3. 3. 3. 3. 3. 3. 3. 3. 3. 3. 3. 3. 3. 3.\n","  3. 3.]]\n","[[0.3 0.3 0.3 0.3 0.3 0.3 0.3 0.3 0.3]\n"," [0.3 0.3 0.3 0.3 0.3 0.3 0.3 0.3 0.3]\n"," [0.3 0.3 0.3 0.3 0.3 0.3 0.3 0.3 0.3]\n"," [0.3 0.3 0.3 0.3 0.3 0.3 0.3 0.3 0.3]\n"," [0.3 0.3 0.3 0.3 0.3 0.3 0.3 0.3 0.3]\n"," [0.3 0.3 0.3 0.3 0.3 0.3 0.3 0.3 0.3]\n"," [0.3 0.3 0.3 0.3 0.3 0.3 0.3 0.3 0.3]\n"," [0.3 0.3 0.3 0.3 0.3 0.3 0.3 0.3 0.3]\n"," [0.3 0.3 0.3 0.3 0.3 0.3 0.3 0.3 0.3]\n"," [0.3 0.3 0.3 0.3 0.3 0.3 0.3 0.3 0.3]\n"," [0.3 0.3 0.3 0.3 0.3 0.3 0.3 0.3 0.3]\n"," [0.3 0.3 0.3 0.3 0.3 0.3 0.3 0.3 0.3]\n"," [0.3 0.3 0.3 0.3 0.3 0.3 0.3 0.3 0.3]\n"," [0.3 0.3 0.3 0.3 0.3 0.3 0.3 0.3 0.3]\n"," [0.3 0.3 0.3 0.3 0.3 0.3 0.3 0.3 0.3]\n"," [0.3 0.3 0.3 0.3 0.3 0.3 0.3 0.3 0.3]\n"," [0.3 0.3 0.3 0.3 0.3 0.3 0.3 0.3 0.3]\n"," [0.3 0.3 0.3 0.3 0.3 0.3 0.3 0.3 0.3]\n"," [0.3 0.3 0.3 0.3 0.3 0.3 0.3 0.3 0.3]\n"," [0.3 0.3 0.3 0.3 0.3 0.3 0.3 0.3 0.3]\n"," [0.3 0.3 0.3 0.3 0.3 0.3 0.3 0.3 0.3]\n"," [0.3 0.3 0.3 0.3 0.3 0.3 0.3 0.3 0.3]\n"," [0.3 0.3 0.3 0.3 0.3 0.3 0.3 0.3 0.3]\n"," [0.3 0.3 0.3 0.3 0.3 0.3 0.3 0.3 0.3]\n"," [0.3 0.3 0.3 0.3 0.3 0.3 0.3 0.3 0.3]\n"," [0.3 0.3 0.3 0.3 0.3 0.3 0.3 0.3 0.3]\n"," [0.3 0.3 0.3 0.3 0.3 0.3 0.3 0.3 0.3]\n"," [0.3 0.3 0.3 0.3 0.3 0.3 0.3 0.3 0.3]\n"," [0.3 0.3 0.3 0.3 0.3 0.3 0.3 0.3 0.3]\n"," [0.3 0.3 0.3 0.3 0.3 0.3 0.3 0.3 0.3]\n"," [0.3 0.3 0.3 0.3 0.3 0.3 0.3 0.3 0.3]\n"," [0.3 0.3 0.3 0.3 0.3 0.3 0.3 0.3 0.3]\n"," [0.3 0.3 0.3 0.3 0.3 0.3 0.3 0.3 0.3]\n"," [0.3 0.3 0.3 0.3 0.3 0.3 0.3 0.3 0.3]\n"," [0.3 0.3 0.3 0.3 0.3 0.3 0.3 0.3 0.3]\n"," [0.3 0.3 0.3 0.3 0.3 0.3 0.3 0.3 0.3]\n"," [0.3 0.3 0.3 0.3 0.3 0.3 0.3 0.3 0.3]\n"," [0.3 0.3 0.3 0.3 0.3 0.3 0.3 0.3 0.3]\n"," [0.3 0.3 0.3 0.3 0.3 0.3 0.3 0.3 0.3]\n"," [0.3 0.3 0.3 0.3 0.3 0.3 0.3 0.3 0.3]\n"," [0.3 0.3 0.3 0.3 0.3 0.3 0.3 0.3 0.3]\n"," [0.3 0.3 0.3 0.3 0.3 0.3 0.3 0.3 0.3]\n"," [0.3 0.3 0.3 0.3 0.3 0.3 0.3 0.3 0.3]\n"," [0.3 0.3 0.3 0.3 0.3 0.3 0.3 0.3 0.3]\n"," [0.3 0.3 0.3 0.3 0.3 0.3 0.3 0.3 0.3]\n"," [0.3 0.3 0.3 0.3 0.3 0.3 0.3 0.3 0.3]\n"," [0.3 0.3 0.3 0.3 0.3 0.3 0.3 0.3 0.3]\n"," [0.3 0.3 0.3 0.3 0.3 0.3 0.3 0.3 0.3]\n"," [0.3 0.3 0.3 0.3 0.3 0.3 0.3 0.3 0.3]\n"," [0.3 0.3 0.3 0.3 0.3 0.3 0.3 0.3 0.3]]\n","(50, 9)\n","GLLiM dimensions are (L=4, D=9, K=50)\n"]}],"source":["Pi = np.ones(K) * 1 / K\n","A = np.ones((D, L, K))\n","C = np.ones((L, K)) * 2\n","Gamma = np.ones((K,L, L)) * 0.2\n","B = np.ones((D, K)) * 3\n","Sigma = np.ones((K,D, D)) * 0.3\n","print(Gamma.shape)\n","gllim.setParamPi(Pi)\n","gllim.setParamA(A)\n","gllim.setParamC(C)\n","gllim.setParamGamma(Gamma)\n","gllim.setParamB(B)\n","gllim.setParamSigma(np.array(Sigma[:,:,0]))\n","\n","theta = gllim.getParams()\n","print(theta.Pi)\n","print(theta.A)\n","print(theta.C)\n","print(theta.Gamma)\n","print(theta.B)\n","print(theta.Sigma)\n","print(theta.Sigma.shape)\n","print(gllim.getDimensions())"]},{"cell_type":"code","execution_count":9,"metadata":{},"outputs":[{"name":"stdout","output_type":"stream","text":["GLLiM dimensions are (L=4, D=9, K=50)\n","GLLiM dimensions are (L=4, D=9, K=50)\n"]}],"source":["print(gllim.getDimensions())\n","gllim.getParams()\n","print(gllim.getDimensions())"]},{"cell_type":"code","execution_count":10,"metadata":{},"outputs":[{"name":"stdout","output_type":"stream","text":["<class 'newkernelo._GLLiMParameters_full_diag'>\n","GLLiM dimensions are (L=4, D=9, K=50)\n","GLLiM dimensions are (L=4, D=9, K=50)\n","[[0.02 0.02 0.02 0.02 0.02 0.02 0.02 0.02 0.02 0.02 0.02 0.02 0.02 0.02\n","  0.02 0.02 0.02 0.02 0.02 0.02 0.02 0.02 0.02 0.02 0.02 0.02 0.02 0.02\n","  0.02 0.02 0.02 0.02 0.02 0.02 0.02 0.02 0.02 0.02 0.02 0.02 0.02 0.02\n","  0.02 0.02 0.02 0.02 0.02 0.02 0.02 0.02]]\n","[[[3. 3. 3. ... 3. 3. 3.]\n","  [3. 3. 3. ... 3. 3. 3.]\n","  [3. 3. 3. ... 3. 3. 3.]\n","  [3. 3. 3. ... 3. 3. 3.]]\n","\n"," [[3. 3. 3. ... 3. 3. 3.]\n","  [3. 3. 3. ... 3. 3. 3.]\n","  [3. 3. 3. ... 3. 3. 3.]\n","  [3. 3. 3. ... 3. 3. 3.]]\n","\n"," [[3. 3. 3. ... 3. 3. 3.]\n","  [3. 3. 3. ... 3. 3. 3.]\n","  [3. 3. 3. ... 3. 3. 3.]\n","  [3. 3. 3. ... 3. 3. 3.]]\n","\n"," ...\n","\n"," [[3. 3. 3. ... 3. 3. 3.]\n","  [3. 3. 3. ... 3. 3. 3.]\n","  [3. 3. 3. ... 3. 3. 3.]\n","  [3. 3. 3. ... 3. 3. 3.]]\n","\n"," [[3. 3. 3. ... 3. 3. 3.]\n","  [3. 3. 3. ... 3. 3. 3.]\n","  [3. 3. 3. ... 3. 3. 3.]\n","  [3. 3. 3. ... 3. 3. 3.]]\n","\n"," [[3. 3. 3. ... 3. 3. 3.]\n","  [3. 3. 3. ... 3. 3. 3.]\n","  [3. 3. 3. ... 3. 3. 3.]\n","  [3. 3. 3. ... 3. 3. 3.]]]\n","[[4. 4. 4. 4. 4. 4. 4. 4. 4. 4. 4. 4. 4. 4. 4. 4. 4. 4. 4. 4. 4. 4. 4. 4.\n","  4. 4. 4. 4. 4. 4. 4. 4. 4. 4. 4. 4. 4. 4. 4. 4. 4. 4. 4. 4. 4. 4. 4. 4.\n","  4. 4.]\n"," [4. 4. 4. 4. 4. 4. 4. 4. 4. 4. 4. 4. 4. 4. 4. 4. 4. 4. 4. 4. 4. 4. 4. 4.\n","  4. 4. 4. 4. 4. 4. 4. 4. 4. 4. 4. 4. 4. 4. 4. 4. 4. 4. 4. 4. 4. 4. 4. 4.\n","  4. 4.]\n"," [4. 4. 4. 4. 4. 4. 4. 4. 4. 4. 4. 4. 4. 4. 4. 4. 4. 4. 4. 4. 4. 4. 4. 4.\n","  4. 4. 4. 4. 4. 4. 4. 4. 4. 4. 4. 4. 4. 4. 4. 4. 4. 4. 4. 4. 4. 4. 4. 4.\n","  4. 4.]\n"," [4. 4. 4. 4. 4. 4. 4. 4. 4. 4. 4. 4. 4. 4. 4. 4. 4. 4. 4. 4. 4. 4. 4. 4.\n","  4. 4. 4. 4. 4. 4. 4. 4. 4. 4. 4. 4. 4. 4. 4. 4. 4. 4. 4. 4. 4. 4. 4. 4.\n","  4. 4.]]\n","[[[0.0048614  0.00485964 0.00470944 0.00479098]\n","  [0.00485964 0.00487897 0.00471054 0.00478841]\n","  [0.00470944 0.00471054 0.00456763 0.00464094]\n","  [0.00479098 0.00478841 0.00464094 0.00473701]]\n","\n"," [[0.00455117 0.00460533 0.00461996 0.00462801]\n","  [0.00460533 0.00469805 0.0046866  0.00470032]\n","  [0.00461996 0.0046866  0.00470371 0.00469349]\n","  [0.00462801 0.00470032 0.00469349 0.00472998]]\n","\n"," [[0.00462783 0.00458544 0.00459905 0.00455372]\n","  [0.00458544 0.0045995  0.00457926 0.00453387]\n","  [0.00459905 0.00457926 0.00459753 0.00453052]\n","  [0.00455372 0.00453387 0.00453052 0.00450412]]\n","\n"," [[0.00486656 0.00476777 0.00466453 0.00472682]\n","  [0.00476777 0.0047138  0.00457359 0.00465028]\n","  [0.00466453 0.00457359 0.00448552 0.00454178]\n","  [0.00472682 0.00465028 0.00454178 0.00461452]]\n","\n"," [[0.00451528 0.00457316 0.00449536 0.00445502]\n","  [0.00457316 0.00466661 0.00458148 0.00454124]\n","  [0.00449536 0.00458148 0.00451204 0.00445904]\n","  [0.00445502 0.00454124 0.00445904 0.00443015]]\n","\n"," [[0.00470732 0.00471055 0.00454434 0.00467081]\n","  [0.00471055 0.0047295  0.00456448 0.00468521]\n","  [0.00454434 0.00456448 0.00441082 0.00452116]\n","  [0.00467081 0.00468521 0.00452116 0.00465392]]\n","\n"," [[0.00480045 0.00459711 0.00463608 0.00470632]\n","  [0.00459711 0.00444182 0.00445401 0.00453287]\n","  [0.00463608 0.00445401 0.0044938  0.0045612 ]\n","  [0.00470632 0.00453287 0.0045612  0.00464564]]\n","\n"," [[0.00447642 0.00459719 0.00451258 0.00445536]\n","  [0.00459719 0.00474559 0.00464389 0.00458794]\n","  [0.00451258 0.00464389 0.00456564 0.00450084]\n","  [0.00445536 0.00458794 0.00450084 0.00447558]]\n","\n"," [[0.00468479 0.00465272 0.0044839  0.00460592]\n","  [0.00465272 0.00463426 0.00445665 0.00458609]\n","  [0.0044839  0.00445665 0.00430132 0.00440916]\n","  [0.00460592 0.00458609 0.00440916 0.00454545]]\n","\n"," [[0.00454141 0.00449775 0.00441264 0.00458713]\n","  [0.00449775 0.00446805 0.00437221 0.00454616]\n","  [0.00441264 0.00437221 0.0043005  0.00446769]\n","  [0.00458713 0.00454616 0.00446769 0.00466374]]\n","\n"," [[0.00456152 0.00457949 0.00456446 0.00457098]\n","  [0.00457949 0.00461924 0.00458885 0.00459845]\n","  [0.00456446 0.00458885 0.00458619 0.00457727]\n","  [0.00457098 0.00459845 0.00457727 0.00460341]]\n","\n"," [[0.00454908 0.00451441 0.00457261 0.00450834]\n","  [0.00451441 0.00449737 0.0045496  0.00447816]\n","  [0.00457261 0.0045496  0.00462559 0.00454494]\n","  [0.00450834 0.00447816 0.00454494 0.00447673]]\n","\n"," [[0.00463737 0.00459626 0.00469474 0.00459205]\n","  [0.00459626 0.00461908 0.00467561 0.0045789 ]\n","  [0.00469474 0.00467561 0.00477146 0.00466173]\n","  [0.00459205 0.0045789  0.00466173 0.00458247]]\n","\n"," [[0.0045585  0.00452715 0.00458601 0.00462322]\n","  [0.00452715 0.00450762 0.00455434 0.00459204]\n","  [0.00458601 0.00455434 0.004641   0.00464634]\n","  [0.00462322 0.00459204 0.00464634 0.00469647]]\n","\n"," [[0.00452423 0.00454585 0.00457423 0.00459896]\n","  [0.00454585 0.00457401 0.0046     0.00462114]\n","  [0.00457423 0.0046     0.00464293 0.00465727]\n","  [0.00459896 0.00462114 0.00465727 0.00470871]]\n","\n"," [[0.00466652 0.00464997 0.00468079 0.00454285]\n","  [0.00464997 0.0046496  0.0046651  0.00453062]\n","  [0.00468079 0.0046651  0.00470985 0.0045532 ]\n","  [0.00454285 0.00453062 0.0045532  0.00443458]]\n","\n"," [[0.00480232 0.00465472 0.00468874 0.00457076]\n","  [0.00465472 0.00454108 0.00456524 0.00445092]\n","  [0.00468874 0.00456524 0.00461119 0.00448657]\n","  [0.00457076 0.00445092 0.00448657 0.00438141]]\n","\n"," [[0.00459857 0.0045949  0.00460856 0.00463508]\n","  [0.0045949  0.00462307 0.00461293 0.00463337]\n","  [0.00460856 0.00461293 0.00464283 0.00465189]\n","  [0.00463508 0.00463337 0.00465189 0.00468332]]\n","\n"," [[0.00476295 0.0045934  0.00470958 0.00463094]\n","  [0.0045934  0.00444352 0.00454543 0.0044773 ]\n","  [0.00470958 0.00454543 0.00467672 0.0045758 ]\n","  [0.00463094 0.0044773  0.0045758  0.00451866]]\n","\n"," [[0.00459556 0.0045989  0.00456886 0.0045394 ]\n","  [0.0045989  0.00463626 0.0045809  0.00456599]\n","  [0.00456886 0.0045809  0.00454679 0.00452037]\n","  [0.0045394  0.00456599 0.00452037 0.00452003]]\n","\n"," [[0.00484271 0.00467493 0.00467436 0.00480753]\n","  [0.00467493 0.00454621 0.00452764 0.00465466]\n","  [0.00467436 0.00452764 0.00453106 0.00464716]\n","  [0.00480753 0.00465466 0.00464716 0.00478691]]\n","\n"," [[0.00456685 0.00468881 0.00471542 0.00464293]\n","  [0.00468881 0.00483438 0.0048568  0.00477923]\n","  [0.00471542 0.0048568  0.00489761 0.00480197]\n","  [0.00464293 0.00477923 0.00480197 0.00474973]]\n","\n"," [[0.00443837 0.00460119 0.00449294 0.00458308]\n","  [0.00460119 0.00478395 0.0046696  0.00475862]\n","  [0.00449294 0.0046696  0.00457654 0.00464188]\n","  [0.00458308 0.00475862 0.00464188 0.00475037]]\n","\n"," [[0.00497448 0.0048516  0.00476461 0.00482577]\n","  [0.0048516  0.00473525 0.0046511  0.00471015]\n","  [0.00476461 0.0046511  0.00459592 0.00462495]\n","  [0.00482577 0.00471015 0.00462495 0.00469845]]\n","\n"," [[0.00457495 0.00457471 0.00470144 0.00459366]\n","  [0.00457471 0.00459302 0.00471291 0.00461009]\n","  [0.00470144 0.00471291 0.00485241 0.00473914]\n","  [0.00459366 0.00461009 0.00473914 0.00463721]]\n","\n"," [[0.00448325 0.00462532 0.00445518 0.0046282 ]\n","  [0.00462532 0.00480013 0.00461748 0.00479676]\n","  [0.00445518 0.00461748 0.00445614 0.0046207 ]\n","  [0.0046282  0.00479676 0.0046207  0.00481161]]\n","\n"," [[0.00466978 0.00473679 0.00457179 0.00471546]\n","  [0.00473679 0.00484637 0.00465756 0.00481005]\n","  [0.00457179 0.00465756 0.00450903 0.00464608]\n","  [0.00471546 0.00481005 0.00464608 0.00481302]]\n","\n"," [[0.00434232 0.00452783 0.00445112 0.00451026]\n","  [0.00452783 0.00474824 0.00466331 0.00471634]\n","  [0.00445112 0.00466331 0.00460627 0.00462689]\n","  [0.00451026 0.00471634 0.00462689 0.00470231]]\n","\n"," [[0.00465926 0.00468978 0.00471722 0.00458224]\n","  [0.00468978 0.00473244 0.004763   0.00462239]\n","  [0.00471722 0.004763   0.00480759 0.00464736]\n","  [0.00458224 0.00462239 0.00464736 0.00451741]]\n","\n"," [[0.00453101 0.00458977 0.00456722 0.00457668]\n","  [0.00458977 0.0046721  0.00463288 0.004661  ]\n","  [0.00456722 0.00463288 0.0046079  0.00462165]\n","  [0.00457668 0.004661   0.00462165 0.00466654]]\n","\n"," [[0.00443237 0.00457659 0.00444414 0.00447229]\n","  [0.00457659 0.00475538 0.00460098 0.00461945]\n","  [0.00444414 0.00460098 0.00448588 0.00449735]\n","  [0.00447229 0.00461945 0.00449735 0.00452445]]\n","\n"," [[0.00464843 0.00467469 0.00469316 0.0045991 ]\n","  [0.00467469 0.00473719 0.00473657 0.00464619]\n","  [0.00469316 0.00473657 0.00477482 0.00465248]\n","  [0.0045991  0.00464619 0.00465248 0.0045692 ]]\n","\n"," [[0.00459669 0.00468957 0.00460627 0.00461299]\n","  [0.00468957 0.00479403 0.00469865 0.00472081]\n","  [0.00460627 0.00469865 0.00462554 0.00463269]\n","  [0.00461299 0.00472081 0.00463269 0.00467197]]\n","\n"," [[0.00469415 0.00464952 0.0045638  0.00472093]\n","  [0.00464952 0.00463065 0.00453836 0.00468198]\n","  [0.0045638  0.00453836 0.0044536  0.00459245]\n","  [0.00472093 0.00468198 0.00459245 0.00475715]]\n","\n"," [[0.00441519 0.0045005  0.00452113 0.00456473]\n","  [0.0045005  0.00460762 0.00462575 0.00467361]\n","  [0.00452113 0.00462575 0.0046486  0.00468979]\n","  [0.00456473 0.00467361 0.00468979 0.00474592]]\n","\n"," [[0.00455466 0.00452474 0.00458713 0.00461236]\n","  [0.00452474 0.00452418 0.00458187 0.00460945]\n","  [0.00458713 0.00458187 0.00466052 0.00468074]\n","  [0.00461236 0.00460945 0.00468074 0.00470556]]\n","\n"," [[0.00461433 0.00459428 0.00461454 0.00471779]\n","  [0.00459428 0.00460219 0.0046019  0.00470483]\n","  [0.00461454 0.0046019  0.00464685 0.00472378]\n","  [0.00471779 0.00470483 0.00472378 0.00483662]]\n","\n"," [[0.00468201 0.00477105 0.0046197  0.00465628]\n","  [0.00477105 0.00488904 0.00471556 0.00474592]\n","  [0.0046197  0.00471556 0.00457699 0.00459851]\n","  [0.00465628 0.00474592 0.00459851 0.00465672]]\n","\n"," [[0.00453494 0.00457606 0.00465439 0.00455826]\n","  [0.00457606 0.00465924 0.00472559 0.00463144]\n","  [0.00465439 0.00472559 0.0048148  0.00470898]\n","  [0.00455826 0.00463144 0.00470898 0.00461391]]\n","\n"," [[0.00464331 0.0046065  0.0045912  0.00448954]\n","  [0.0046065  0.00463779 0.0045867  0.00450404]\n","  [0.0045912  0.0045867  0.0045701  0.0044703 ]\n","  [0.00448954 0.00450404 0.0044703  0.00439589]]\n","\n"," [[0.00456155 0.00475006 0.00467253 0.00454655]\n","  [0.00475006 0.00495716 0.00486721 0.00473637]\n","  [0.00467253 0.00486721 0.00480879 0.00465876]\n","  [0.00454655 0.00473637 0.00465876 0.00454463]]\n","\n"," [[0.00472733 0.00469507 0.00475864 0.00462401]\n","  [0.00469507 0.00468208 0.00473333 0.00460455]\n","  [0.00475864 0.00473333 0.00483025 0.00468228]\n","  [0.00462401 0.00460455 0.00468228 0.0045505 ]]\n","\n"," [[0.00459712 0.00457393 0.00450743 0.00461557]\n","  [0.00457393 0.00457964 0.00449952 0.00461134]\n","  [0.00450743 0.00449952 0.00444576 0.00454195]\n","  [0.00461557 0.00461134 0.00454195 0.00465777]]\n","\n"," [[0.00477858 0.00464391 0.00475127 0.00473982]\n","  [0.00464391 0.00454284 0.00463042 0.00461887]\n","  [0.00475127 0.00463042 0.00474708 0.00473361]\n","  [0.00473982 0.00461887 0.00473361 0.00472754]]\n","\n"," [[0.00475421 0.00473503 0.00454998 0.00467472]\n","  [0.00473503 0.00473423 0.00453301 0.00465742]\n","  [0.00454998 0.00453301 0.00436914 0.00448305]\n","  [0.00467472 0.00465742 0.00448305 0.00463061]]\n","\n"," [[0.00471975 0.00464382 0.00475371 0.00467232]\n","  [0.00464382 0.00459747 0.00469574 0.00460131]\n","  [0.00475371 0.00469574 0.0048323  0.00473286]\n","  [0.00467232 0.00460131 0.00473286 0.00464877]]\n","\n"," [[0.00462017 0.00459621 0.0046572  0.00462942]\n","  [0.00459621 0.00461051 0.00465286 0.00461143]\n","  [0.0046572  0.00465286 0.00472078 0.00467282]\n","  [0.00462942 0.00461143 0.00467282 0.00464849]]\n","\n"," [[0.00478904 0.00453388 0.00476418 0.00473543]\n","  [0.00453388 0.00431075 0.00451485 0.00449488]\n","  [0.00476418 0.00451485 0.00474392 0.00471926]\n","  [0.00473543 0.00449488 0.00471926 0.00471176]]\n","\n"," [[0.00453448 0.00456518 0.00451692 0.00452466]\n","  [0.00456518 0.00461838 0.00455481 0.00458034]\n","  [0.00451692 0.00455481 0.00452136 0.00451935]\n","  [0.00452466 0.00458034 0.00451935 0.00455514]]\n","\n"," [[0.00455392 0.00444023 0.00459069 0.00455149]\n","  [0.00444023 0.00434795 0.00448925 0.00444408]\n","  [0.00459069 0.00448925 0.00465917 0.00459462]\n","  [0.00455149 0.00444408 0.00459462 0.00456859]]]\n","[[6. 6. 6. 6. 6. 6. 6. 6. 6. 6. 6. 6. 6. 6. 6. 6. 6. 6. 6. 6. 6. 6. 6. 6.\n","  6. 6. 6. 6. 6. 6. 6. 6. 6. 6. 6. 6. 6. 6. 6. 6. 6. 6. 6. 6. 6. 6. 6. 6.\n","  6. 6.]\n"," [6. 6. 6. 6. 6. 6. 6. 6. 6. 6. 6. 6. 6. 6. 6. 6. 6. 6. 6. 6. 6. 6. 6. 6.\n","  6. 6. 6. 6. 6. 6. 6. 6. 6. 6. 6. 6. 6. 6. 6. 6. 6. 6. 6. 6. 6. 6. 6. 6.\n","  6. 6.]\n"," [6. 6. 6. 6. 6. 6. 6. 6. 6. 6. 6. 6. 6. 6. 6. 6. 6. 6. 6. 6. 6. 6. 6. 6.\n","  6. 6. 6. 6. 6. 6. 6. 6. 6. 6. 6. 6. 6. 6. 6. 6. 6. 6. 6. 6. 6. 6. 6. 6.\n","  6. 6.]\n"," [6. 6. 6. 6. 6. 6. 6. 6. 6. 6. 6. 6. 6. 6. 6. 6. 6. 6. 6. 6. 6. 6. 6. 6.\n","  6. 6. 6. 6. 6. 6. 6. 6. 6. 6. 6. 6. 6. 6. 6. 6. 6. 6. 6. 6. 6. 6. 6. 6.\n","  6. 6.]\n"," [6. 6. 6. 6. 6. 6. 6. 6. 6. 6. 6. 6. 6. 6. 6. 6. 6. 6. 6. 6. 6. 6. 6. 6.\n","  6. 6. 6. 6. 6. 6. 6. 6. 6. 6. 6. 6. 6. 6. 6. 6. 6. 6. 6. 6. 6. 6. 6. 6.\n","  6. 6.]\n"," [6. 6. 6. 6. 6. 6. 6. 6. 6. 6. 6. 6. 6. 6. 6. 6. 6. 6. 6. 6. 6. 6. 6. 6.\n","  6. 6. 6. 6. 6. 6. 6. 6. 6. 6. 6. 6. 6. 6. 6. 6. 6. 6. 6. 6. 6. 6. 6. 6.\n","  6. 6.]\n"," [6. 6. 6. 6. 6. 6. 6. 6. 6. 6. 6. 6. 6. 6. 6. 6. 6. 6. 6. 6. 6. 6. 6. 6.\n","  6. 6. 6. 6. 6. 6. 6. 6. 6. 6. 6. 6. 6. 6. 6. 6. 6. 6. 6. 6. 6. 6. 6. 6.\n","  6. 6.]\n"," [6. 6. 6. 6. 6. 6. 6. 6. 6. 6. 6. 6. 6. 6. 6. 6. 6. 6. 6. 6. 6. 6. 6. 6.\n","  6. 6. 6. 6. 6. 6. 6. 6. 6. 6. 6. 6. 6. 6. 6. 6. 6. 6. 6. 6. 6. 6. 6. 6.\n","  6. 6.]\n"," [6. 6. 6. 6. 6. 6. 6. 6. 6. 6. 6. 6. 6. 6. 6. 6. 6. 6. 6. 6. 6. 6. 6. 6.\n","  6. 6. 6. 6. 6. 6. 6. 6. 6. 6. 6. 6. 6. 6. 6. 6. 6. 6. 6. 6. 6. 6. 6. 6.\n","  6. 6.]]\n","[[1.00609233 1.05919643 1.08243821 1.0871802  1.09570527 1.05792381\n","  1.07040024 1.01143855 1.05585628]\n"," [1.0323579  1.02283728 1.08771881 1.09781933 1.04712769 1.0973501\n","  1.0457832  1.02402848 1.0087069 ]\n"," [1.01746829 1.00052644 1.07801307 1.02163611 1.01327546 1.05507679\n","  1.09071    1.02740706 1.04571838]\n"," [1.01394865 1.09365438 1.09427363 1.09908992 1.09851534 1.09480836\n","  1.03545894 1.08622073 1.03725827]\n"," [1.00056718 1.00305968 1.03485112 1.05381356 1.01403475 1.04891558\n","  1.05033834 1.07793071 1.04616723]\n"," [1.02667855 1.00569496 1.07188149 1.06042663 1.07596078 1.06056136\n","  1.05881665 1.05347404 1.05981618]\n"," [1.08214403 1.00693073 1.01492441 1.0961851  1.04182028 1.00801656\n","  1.03003258 1.07177666 1.00088804]\n"," [1.01729147 1.07473805 1.04173169 1.04426963 1.0740945  1.0963907\n","  1.09419612 1.04734586 1.05669243]\n"," [1.06173966 1.03518743 1.05181095 1.06422866 1.05008401 1.0231897\n","  1.05466859 1.0102462  1.06846828]\n"," [1.07499681 1.06760268 1.09103417 1.00916666 1.04731273 1.07947516\n","  1.04551008 1.00637204 1.05430796]\n"," [1.08632652 1.03510814 1.09049724 1.05458824 1.04506252 1.04569611\n","  1.05035376 1.02208176 1.06298122]\n"," [1.00170619 1.05130147 1.04707495 1.09915088 1.00531321 1.00695468\n","  1.04381874 1.0841683  1.07674442]\n"," [1.08931075 1.05205356 1.07052424 1.02176384 1.00580643 1.08026228\n","  1.05892969 1.05099349 1.01315641]\n"," [1.06007821 1.09445913 1.07756397 1.09915676 1.08046216 1.00183083\n","  1.04264733 1.08393948 1.06130307]\n"," [1.08246332 1.05862102 1.09569686 1.0339478  1.01689664 1.04316979\n","  1.07741604 1.05974477 1.06135648]\n"," [1.09258856 1.0737326  1.06521636 1.0512194  1.03029047 1.05772563\n","  1.05866486 1.00747188 1.09095462]\n"," [1.09628151 1.00314562 1.07943009 1.03244488 1.05741106 1.090753\n","  1.04546195 1.02687666 1.04549707]\n"," [1.06071297 1.07428122 1.04705317 1.02389053 1.02090813 1.01507852\n","  1.00368504 1.08012887 1.07643672]\n"," [1.01569407 1.08050997 1.04272332 1.04648354 1.02172028 1.04928995\n","  1.07622455 1.04488626 1.00036278]\n"," [1.02036254 1.0149432  1.09286364 1.00647317 1.03645485 1.01070126\n","  1.00664985 1.01793783 1.00075788]\n"," [1.07975219 1.09358574 1.03952005 1.00082386 1.01236266 1.07442747\n","  1.04669221 1.0151651  1.02619655]\n"," [1.02934831 1.05603825 1.00757965 1.00791573 1.04291538 1.01491873\n","  1.03597569 1.06434779 1.05078722]\n"," [1.00105384 1.07235759 1.01841041 1.05452535 1.03614726 1.07540326\n","  1.03670286 1.04723985 1.07650341]\n"," [1.03874614 1.0161633  1.03976495 1.07829407 1.08833876 1.08838626\n","  1.08450282 1.07150434 1.0746678 ]\n"," [1.03150966 1.06459519 1.04083068 1.09911007 1.04937881 1.06358208\n","  1.0397823  1.05197031 1.06092612]\n"," [1.00405874 1.03816598 1.0677505  1.0061741  1.03111023 1.0262369\n","  1.04207231 1.06514591 1.08006444]\n"," [1.08033053 1.08158195 1.01403505 1.09953253 1.00722496 1.03036274\n","  1.03652003 1.06291562 1.06866021]\n"," [1.07000483 1.06616239 1.09885892 1.02959822 1.04005176 1.03654198\n","  1.04978947 1.01565691 1.02342623]\n"," [1.09361175 1.00357158 1.04331336 1.03949026 1.08583289 1.02309596\n","  1.0452199  1.08098273 1.01975025]\n"," [1.08763205 1.03066369 1.02045188 1.05991698 1.06317704 1.08196008\n","  1.01137203 1.08971025 1.03987862]\n"," [1.02399466 1.03384053 1.09109214 1.02458973 1.07984031 1.05552567\n","  1.07595943 1.09737063 1.07145887]\n"," [1.07485513 1.04080517 1.01251701 1.01335168 1.06800954 1.02126384\n","  1.00545089 1.02584933 1.06594145]\n"," [1.01477979 1.09980248 1.05726077 1.01913501 1.04099466 1.03431456\n","  1.07860871 1.04570296 1.02875237]\n"," [1.02009329 1.0426755  1.03158028 1.03165061 1.09326478 1.0481911\n","  1.03706375 1.0543726  1.05745469]\n"," [1.07338472 1.05159364 1.05620979 1.09378421 1.06376516 1.00343491\n","  1.0108181  1.01156991 1.02766064]\n"," [1.08898628 1.07038437 1.02831729 1.01702463 1.04689658 1.05535879\n","  1.00190179 1.07048094 1.03688691]\n"," [1.02739562 1.01345415 1.0581603  1.03515469 1.06221411 1.04144833\n","  1.02169269 1.014082   1.08171418]\n"," [1.05848034 1.03430257 1.02862679 1.01419431 1.07152225 1.0326558\n","  1.00232108 1.04879501 1.07454003]\n"," [1.08546245 1.09702235 1.09219576 1.00352938 1.03270301 1.0519148\n","  1.01077568 1.03783333 1.0522269 ]\n"," [1.02163002 1.02035327 1.06905958 1.06914206 1.03541609 1.07127838\n","  1.04142149 1.08816751 1.04120371]\n"," [1.0080456  1.00889352 1.03328599 1.0770017  1.01752683 1.05669516\n","  1.03667171 1.01560582 1.07584352]\n"," [1.08879049 1.01487469 1.08990629 1.09868519 1.05766873 1.08921662\n","  1.06781554 1.08917545 1.03974866]\n"," [1.06947984 1.00321486 1.02385055 1.06571335 1.06844535 1.09355693\n","  1.06875991 1.00651052 1.08112223]\n"," [1.06185146 1.07049333 1.04282477 1.00994542 1.01506607 1.0882369\n","  1.02565154 1.05366434 1.08891675]\n"," [1.09729299 1.09863371 1.04035455 1.04188832 1.01354715 1.04104116\n","  1.08677874 1.0405652  1.05550154]\n"," [1.02103492 1.00682671 1.0235536  1.00665471 1.0860019  1.06579539\n","  1.06417624 1.01598406 1.05437243]\n"," [1.05204716 1.03847216 1.00440409 1.01649343 1.0107147  1.0290201\n","  1.045052   1.08501432 1.00210265]\n"," [1.03379895 1.08370154 1.00976828 1.06361157 1.0893964  1.03822452\n","  1.00641374 1.07413252 1.04051583]\n"," [1.05084762 1.01714374 1.07277004 1.0178713  1.09093248 1.00033411\n","  1.07976842 1.09542778 1.04326195]\n"," [1.09546493 1.07333844 1.0059824  1.02063424 1.07780707 1.05596787\n","  1.00999216 1.01368648 1.0119926 ]]\n"]}],"source":["new_theta = lib.GLLiMParameters(L,D,K, \"full\", \"diag\")\n","print(type(new_theta))\n","\n","Gamma = np.ones((K,L,L)) + np.random.rand(K,L,L) * 0.1\n","Sigma = np.ones((K,D)) + np.random.rand(K,D) * 0.1\n","for k in range(K):\n","    Gamma[k] += np.eye(L) * 0.1\n","    Gamma[k] = np.dot(Gamma[k], Gamma[k].T) * 0.001\n","    # Sigma[k] += np.eye(D) * 0.1\n","    # Sigma[k] = np.dot(Sigma[k], Sigma[k].T) * 0.001\n","new_theta.Pi = Pi\n","new_theta.A = A * 3\n","new_theta.C = C * 2\n","new_theta.Gamma = Gamma\n","new_theta.B = B * 2\n","new_theta.Sigma = Sigma\n","print(gllim.getDimensions())\n","gllim.setParams(new_theta)\n","print(gllim.getDimensions()) # TODO ERROR GLLiM<TGamma,TSigma> dimensions are (L=4000838736, D=32766, K=4000837888)\n","theta = gllim.getParams()\n","print(theta.Pi)\n","print(theta.A)\n","print(theta.C)\n","print(theta.Gamma)\n","print(theta.B)\n","print(theta.Sigma)"]},{"cell_type":"code","execution_count":11,"metadata":{},"outputs":[{"name":"stdout","output_type":"stream","text":["[[0.02 0.02 0.02 0.02 0.02 0.02 0.02 0.02 0.02 0.02 0.02 0.02 0.02 0.02\n","  0.02 0.02 0.02 0.02 0.02 0.02 0.02 0.02 0.02 0.02 0.02 0.02 0.02 0.02\n","  0.02 0.02 0.02 0.02 0.02 0.02 0.02 0.02 0.02 0.02 0.02 0.02 0.02 0.02\n","  0.02 0.02 0.02 0.02 0.02 0.02 0.02 0.02]]\n","[[[0.00839903 0.00792568 0.00807837 ... 0.00812165 0.00783881 0.00748271]\n","  [0.00797794 0.00799945 0.00821516 ... 0.00774766 0.00809855 0.00763696]\n","  [0.00780664 0.00752229 0.00762466 ... 0.00831493 0.00767862 0.0081483 ]\n","  ...\n","  [0.00789443 0.00782393 0.0075359  ... 0.00834265 0.00762885 0.00811595]\n","  [0.00835464 0.00799015 0.00800022 ... 0.00781668 0.00751979 0.00808637]\n","  [0.00800317 0.00811151 0.00786013 ... 0.00806922 0.0078958  0.0080999 ]]\n","\n"," [[0.00840606 0.00804876 0.00804847 ... 0.0077039  0.00791549 0.00731156]\n","  [0.00798462 0.00812368 0.00818476 ... 0.00734915 0.00817777 0.00746229]\n","  [0.00781317 0.00763911 0.00759644 ... 0.00788724 0.00775373 0.00796193]\n","  ...\n","  [0.00790104 0.00794544 0.00750801 ... 0.00791353 0.00770348 0.00793032]\n","  [0.00836163 0.00811423 0.00797061 ... 0.00741462 0.00759335 0.00790142]\n","  [0.00800987 0.00823748 0.00783104 ... 0.00765417 0.00797304 0.00791464]]\n","\n"," [[0.00813995 0.00805456 0.00805212 ... 0.00808699 0.00782636 0.00756415]\n","  [0.00773185 0.00812954 0.00818847 ... 0.0077146  0.00808569 0.00772008]\n","  [0.00756583 0.00764462 0.00759989 ... 0.00827945 0.00766642 0.00823698]\n","  ...\n","  [0.00765092 0.00795116 0.00751142 ... 0.00830704 0.00761674 0.00820428]\n","  [0.00809693 0.00812008 0.00797423 ... 0.00778333 0.00750785 0.00817438]\n","  [0.0077563  0.00824342 0.00783459 ... 0.00803479 0.00788327 0.00818807]]\n","\n"," [[0.00828362 0.00807525 0.00797113 ... 0.00805209 0.00785533 0.00749197]\n","  [0.00786831 0.00815042 0.0081061  ... 0.0076813  0.00811562 0.00764641]\n","  [0.00769936 0.00766425 0.00752344 ... 0.00824371 0.0076948  0.00815838]\n","  ...\n","  [0.00778595 0.00797159 0.00743586 ... 0.00827119 0.00764493 0.00812599]\n","  [0.00823983 0.00814094 0.00789402 ... 0.00774973 0.00753564 0.00809638]\n","  [0.0078932  0.00826459 0.00775579 ... 0.00800011 0.00791245 0.00810993]]]\n","[[54. 54. 54. 54. 54. 54. 54. 54. 54. 54. 54. 54. 54. 54. 54. 54. 54. 54.\n","  54. 54. 54. 54. 54. 54. 54. 54. 54. 54. 54. 54. 54. 54. 54. 54. 54. 54.\n","  54. 54. 54. 54. 54. 54. 54. 54. 54. 54. 54. 54. 54. 54.]\n"," [54. 54. 54. 54. 54. 54. 54. 54. 54. 54. 54. 54. 54. 54. 54. 54. 54. 54.\n","  54. 54. 54. 54. 54. 54. 54. 54. 54. 54. 54. 54. 54. 54. 54. 54. 54. 54.\n","  54. 54. 54. 54. 54. 54. 54. 54. 54. 54. 54. 54. 54. 54.]\n"," [54. 54. 54. 54. 54. 54. 54. 54. 54. 54. 54. 54. 54. 54. 54. 54. 54. 54.\n","  54. 54. 54. 54. 54. 54. 54. 54. 54. 54. 54. 54. 54. 54. 54. 54. 54. 54.\n","  54. 54. 54. 54. 54. 54. 54. 54. 54. 54. 54. 54. 54. 54.]\n"," [54. 54. 54. 54. 54. 54. 54. 54. 54. 54. 54. 54. 54. 54. 54. 54. 54. 54.\n","  54. 54. 54. 54. 54. 54. 54. 54. 54. 54. 54. 54. 54. 54. 54. 54. 54. 54.\n","  54. 54. 54. 54. 54. 54. 54. 54. 54. 54. 54. 54. 54. 54.]\n"," [54. 54. 54. 54. 54. 54. 54. 54. 54. 54. 54. 54. 54. 54. 54. 54. 54. 54.\n","  54. 54. 54. 54. 54. 54. 54. 54. 54. 54. 54. 54. 54. 54. 54. 54. 54. 54.\n","  54. 54. 54. 54. 54. 54. 54. 54. 54. 54. 54. 54. 54. 54.]\n"," [54. 54. 54. 54. 54. 54. 54. 54. 54. 54. 54. 54. 54. 54. 54. 54. 54. 54.\n","  54. 54. 54. 54. 54. 54. 54. 54. 54. 54. 54. 54. 54. 54. 54. 54. 54. 54.\n","  54. 54. 54. 54. 54. 54. 54. 54. 54. 54. 54. 54. 54. 54.]\n"," [54. 54. 54. 54. 54. 54. 54. 54. 54. 54. 54. 54. 54. 54. 54. 54. 54. 54.\n","  54. 54. 54. 54. 54. 54. 54. 54. 54. 54. 54. 54. 54. 54. 54. 54. 54. 54.\n","  54. 54. 54. 54. 54. 54. 54. 54. 54. 54. 54. 54. 54. 54.]\n"," [54. 54. 54. 54. 54. 54. 54. 54. 54. 54. 54. 54. 54. 54. 54. 54. 54. 54.\n","  54. 54. 54. 54. 54. 54. 54. 54. 54. 54. 54. 54. 54. 54. 54. 54. 54. 54.\n","  54. 54. 54. 54. 54. 54. 54. 54. 54. 54. 54. 54. 54. 54.]\n"," [54. 54. 54. 54. 54. 54. 54. 54. 54. 54. 54. 54. 54. 54. 54. 54. 54. 54.\n","  54. 54. 54. 54. 54. 54. 54. 54. 54. 54. 54. 54. 54. 54. 54. 54. 54. 54.\n","  54. 54. 54. 54. 54. 54. 54. 54. 54. 54. 54. 54. 54. 54.]]\n","[[[1.69049655 0.68440422 0.68440422 ... 0.68440422 0.68440422 0.68440422]\n","  [0.68440422 1.74360066 0.68440422 ... 0.68440422 0.68440422 0.68440422]\n","  [0.68440422 0.68440422 1.76684244 ... 0.68440422 0.68440422 0.68440422]\n","  ...\n","  [0.68440422 0.68440422 0.68440422 ... 1.75480446 0.68440422 0.68440422]\n","  [0.68440422 0.68440422 0.68440422 ... 0.68440422 1.69584278 0.68440422]\n","  [0.68440422 0.68440422 0.68440422 ... 0.68440422 0.68440422 1.74026051]]\n","\n"," [[1.70331081 0.67095291 0.67095291 ... 0.67095291 0.67095291 0.67095291]\n","  [0.67095291 1.69379019 0.6709529