{"cells":[{"cell_type":"code","execution_count":1,"metadata":{"metadata":{}},"outputs":[],"source":["import newkernelo as lib\n","import kernelo as oldker\n","import numpy as np\n","import time\n","import os.path\n","import json\n","import logging\n","logging.getLogger().setLevel(logging.INFO)"]},{"cell_type":"code","execution_count":2,"metadata":{},"outputs":[{"name":"stdout","output_type":"stream","text":["<class 'newkernelo._GLLiM_full_diag'>GLLiM Parameters initialized\n","\n","(50, 4, 4)\n","GLLiM dimensions are (L=4, D=9, K=50)\n","GLLiM constraints are :\n","\tgamma_type = 'full',\n","\tsigma_type = 'diag'.\n"]}],"source":["L = 4\n","D = 9\n","K = 50\n","\n","gllim = lib.GLLiM(L,D,K, gamma_type='full', sigma_type='diag')\n","print(type(gllim))\n","gllim.getDimensions()\n","gllim.getConstraints()\n","gllim.getParamPi()\n","gllim.getParamGamma()\n","print(gllim.getParamGamma().shape)\n"]},{"cell_type":"code","execution_count":3,"metadata":{},"outputs":[{"data":{"text/plain":["<newkernelo._GLLiM_full_diag at 0x7868f4314e70>"]},"execution_count":3,"metadata":{},"output_type":"execute_result"},{"name":"stdout","output_type":"stream","text":["GLLiM Parameters initialized\n","GLLiM dimensions are (L=4, D=9, K=50)\n","GLLiM constraints are :\n","\tgamma_type = 'full',\n","\tsigma_type = 'full'.\n"]}],"source":["lib._GLLiM_full_diag(L,D,K, gamma_type='full', sigma_type='full')"]},{"cell_type":"code","execution_count":4,"metadata":{},"outputs":[{"name":"stdout","output_type":"stream","text":["GLLiM dimensions are (L=4, D=9, K=50)\n"]},{"data":{"text/plain":["(50, 4, 4)"]},"execution_count":4,"metadata":{},"output_type":"execute_result"}],"source":["print(gllim.getDimensions())\n","gllim.getParams()\n","gllim.getParamGamma().shape"]},{"cell_type":"code","execution_count":5,"metadata":{},"outputs":[{"name":"stdout","output_type":"stream","text":["[[0. 0. 0. 0. 0. 0. 0. 0. 0. 0. 0. 0. 0. 0. 0. 0. 0. 0. 0. 0. 0. 0. 0. 0.\n","  0. 0. 0. 0. 0. 0. 0. 0. 0. 0. 0. 0. 0. 0. 0. 0. 0. 0. 0. 0. 0. 0. 0. 0.\n","  0. 0.]]\n","(9, 4, 50)\n","GLLiM dimensions are (L=4, D=9, K=50)\n"]}],"source":["theta = gllim.getParams()\n","print(theta.Pi)\n","print(theta.A.shape)\n","# print(theta.L)\n","print(gllim.getDimensions())"]},{"cell_type":"code","execution_count":6,"metadata":{},"outputs":[{"name":"stdout","output_type":"stream","text":["GLLiM dimensions are (L=4, D=9, K=50)\n"]}],"source":["gllim.getParams()\n","gllim.getParamPi()\n","gllim.getParamA()\n","gllim.getParamC()\n","gllim.getParamGamma()\n","gllim.getParamB()\n","gllim.getParamSigma()\n","print(gllim.getDimensions())"]},{"cell_type":"code","execution_count":7,"metadata":{},"outputs":[{"name":"stdout","output_type":"stream","text":["GLLiM dimensions are (L=4, D=9, K=50)\n"]}],"source":["gllim.getInverse().C\n","print(gllim.getDimensions())"]},{"cell_type":"code","execution_count":8,"metadata":{},"outputs":[{"name":"stdout","output_type":"stream","text":["(50, 4, 4)\n","[[0.02 0.02 0.02 0.02 0.02 0.02 0.02 0.02 0.02 0.02 0.02 0.02 0.02 0.02\n","  0.02 0.02 0.02 0.02 0.02 0.02 0.02 0.02 0.02 0.02 0.02 0.02 0.02 0.02\n","  0.02 0.02 0.02 0.02 0.02 0.02 0.02 0.02 0.02 0.02 0.02 0.02 0.02 0.02\n","  0.02 0.02 0.02 0.02 0.02 0.02 0.02 0.02]]\n","[[[1. 1. 1. ... 1. 1. 1.]\n","  [1. 1. 1. ... 1. 1. 1.]\n","  [1. 1. 1. ... 1. 1. 1.]\n","  [1. 1. 1. ... 1. 1. 1.]]\n","\n"," [[1. 1. 1. ... 1. 1. 1.]\n","  [1. 1. 1. ... 1. 1. 1.]\n","  [1. 1. 1. ... 1. 1. 1.]\n","  [1. 1. 1. ... 1. 1. 1.]]\n","\n"," [[1. 1. 1. ... 1. 1. 1.]\n","  [1. 1. 1. ... 1. 1. 1.]\n","  [1. 1. 1. ... 1. 1. 1.]\n","  [1. 1. 1. ... 1. 1. 1.]]\n","\n"," ...\n","\n"," [[1. 1. 1. ... 1. 1. 1.]\n","  [1. 1. 1. ... 1. 1. 1.]\n","  [1. 1. 1. ... 1. 1. 1.]\n","  [1. 1. 1. ... 1. 1. 1.]]\n","\n"," [[1. 1. 1. ... 1. 1. 1.]\n","  [1. 1. 1. ... 1. 1. 1.]\n","  [1. 1. 1. ... 1. 1. 1.]\n","  [1. 1. 1. ... 1. 1. 1.]]\n","\n"," [[1. 1. 1. ... 1. 1. 1.]\n","  [1. 1. 1. ... 1. 1. 1.]\n","  [1. 1. 1. ... 1. 1. 1.]\n","  [1. 1. 1. ... 1. 1. 1.]]]\n","[[2. 2. 2. 2. 2. 2. 2. 2. 2. 2. 2. 2. 2. 2. 2. 2. 2. 2. 2. 2. 2. 2. 2. 2.\n","  2. 2. 2. 2. 2. 2. 2. 2. 2. 2. 2. 2. 2. 2. 2. 2. 2. 2. 2. 2. 2. 2. 2. 2.\n","  2. 2.]\n"," [2. 2. 2. 2. 2. 2. 2. 2. 2. 2. 2. 2. 2. 2. 2. 2. 2. 2. 2. 2. 2. 2. 2. 2.\n","  2. 2. 2. 2. 2. 2. 2. 2. 2. 2. 2. 2. 2. 2. 2. 2. 2. 2. 2. 2. 2. 2. 2. 2.\n","  2. 2.]\n"," [2. 2. 2. 2. 2. 2. 2. 2. 2. 2. 2. 2. 2. 2. 2. 2. 2. 2. 2. 2. 2. 2. 2. 2.\n","  2. 2. 2. 2. 2. 2. 2. 2. 2. 2. 2. 2. 2. 2. 2. 2. 2. 2. 2. 2. 2. 2. 2. 2.\n","  2. 2.]\n"," [2. 2. 2. 2. 2. 2. 2. 2. 2. 2. 2. 2. 2. 2. 2. 2. 2. 2. 2. 2. 2. 2. 2. 2.\n","  2. 2. 2. 2. 2. 2. 2. 2. 2. 2. 2. 2. 2. 2. 2. 2. 2. 2. 2. 2. 2. 2. 2. 2.\n","  2. 2.]]\n","[[[0.2 0.2 0.2 0.2]\n","  [0.2 0.2 0.2 0.2]\n","  [0.2 0.2 0.2 0.2]\n","  [0.2 0.2 0.2 0.2]]\n","\n"," [[0.2 0.2 0.2 0.2]\n","  [0.2 0.2 0.2 0.2]\n","  [0.2 0.2 0.2 0.2]\n","  [0.2 0.2 0.2 0.2]]\n","\n"," [[0.2 0.2 0.2 0.2]\n","  [0.2 0.2 0.2 0.2]\n","  [0.2 0.2 0.2 0.2]\n","  [0.2 0.2 0.2 0.2]]\n","\n"," [[0.2 0.2 0.2 0.2]\n","  [0.2 0.2 0.2 0.2]\n","  [0.2 0.2 0.2 0.2]\n","  [0.2 0.2 0.2 0.2]]\n","\n"," [[0.2 0.2 0.2 0.2]\n","  [0.2 0.2 0.2 0.2]\n","  [0.2 0.2 0.2 0.2]\n","  [0.2 0.2 0.2 0.2]]\n","\n"," [[0.2 0.2 0.2 0.2]\n","  [0.2 0.2 0.2 0.2]\n","  [0.2 0.2 0.2 0.2]\n","  [0.2 0.2 0.2 0.2]]\n","\n"," [[0.2 0.2 0.2 0.2]\n","  [0.2 0.2 0.2 0.2]\n","  [0.2 0.2 0.2 0.2]\n","  [0.2 0.2 0.2 0.2]]\n","\n"," [[0.2 0.2 0.2 0.2]\n","  [0.2 0.2 0.2 0.2]\n","  [0.2 0.2 0.2 0.2]\n","  [0.2 0.2 0.2 0.2]]\n","\n"," [[0.2 0.2 0.2 0.2]\n","  [0.2 0.2 0.2 0.2]\n","  [0.2 0.2 0.2 0.2]\n","  [0.2 0.2 0.2 0.2]]\n","\n"," [[0.2 0.2 0.2 0.2]\n","  [0.2 0.2 0.2 0.2]\n","  [0.2 0.2 0.2 0.2]\n","  [0.2 0.2 0.2 0.2]]\n","\n"," [[0.2 0.2 0.2 0.2]\n","  [0.2 0.2 0.2 0.2]\n","  [0.2 0.2 0.2 0.2]\n","  [0.2 0.2 0.2 0.2]]\n","\n"," [[0.2 0.2 0.2 0.2]\n","  [0.2 0.2 0.2 0.2]\n","  [0.2 0.2 0.2 0.2]\n","  [0.2 0.2 0.2 0.2]]\n","\n"," [[0.2 0.2 0.2 0.2]\n","  [0.2 0.2 0.2 0.2]\n","  [0.2 0.2 0.2 0.2]\n","  [0.2 0.2 0.2 0.2]]\n","\n"," [[0.2 0.2 0.2 0.2]\n","  [0.2 0.2 0.2 0.2]\n","  [0.2 0.2 0.2 0.2]\n","  [0.2 0.2 0.2 0.2]]\n","\n"," [[0.2 0.2 0.2 0.2]\n","  [0.2 0.2 0.2 0.2]\n","  [0.2 0.2 0.2 0.2]\n","  [0.2 0.2 0.2 0.2]]\n","\n"," [[0.2 0.2 0.2 0.2]\n","  [0.2 0.2 0.2 0.2]\n","  [0.2 0.2 0.2 0.2]\n","  [0.2 0.2 0.2 0.2]]\n","\n"," [[0.2 0.2 0.2 0.2]\n","  [0.2 0.2 0.2 0.2]\n","  [0.2 0.2 0.2 0.2]\n","  [0.2 0.2 0.2 0.2]]\n","\n"," [[0.2 0.2 0.2 0.2]\n","  [0.2 0.2 0.2 0.2]\n","  [0.2 0.2 0.2 0.2]\n","  [0.2 0.2 0.2 0.2]]\n","\n"," [[0.2 0.2 0.2 0.2]\n","  [0.2 0.2 0.2 0.2]\n","  [0.2 0.2 0.2 0.2]\n","  [0.2 0.2 0.2 0.2]]\n","\n"," [[0.2 0.2 0.2 0.2]\n","  [0.2 0.2 0.2 0.2]\n","  [0.2 0.2 0.2 0.2]\n","  [0.2 0.2 0.2 0.2]]\n","\n"," [[0.2 0.2 0.2 0.2]\n","  [0.2 0.2 0.2 0.2]\n","  [0.2 0.2 0.2 0.2]\n","  [0.2 0.2 0.2 0.2]]\n","\n"," [[0.2 0.2 0.2 0.2]\n","  [0.2 0.2 0.2 0.2]\n","  [0.2 0.2 0.2 0.2]\n","  [0.2 0.2 0.2 0.2]]\n","\n"," [[0.2 0.2 0.2 0.2]\n","  [0.2 0.2 0.2 0.2]\n","  [0.2 0.2 0.2 0.2]\n","  [0.2 0.2 0.2 0.2]]\n","\n"," [[0.2 0.2 0.2 0.2]\n","  [0.2 0.2 0.2 0.2]\n","  [0.2 0.2 0.2 0.2]\n","  [0.2 0.2 0.2 0.2]]\n","\n"," [[0.2 0.2 0.2 0.2]\n","  [0.2 0.2 0.2 0.2]\n","  [0.2 0.2 0.2 0.2]\n","  [0.2 0.2 0.2 0.2]]\n","\n"," [[0.2 0.2 0.2 0.2]\n","  [0.2 0.2 0.2 0.2]\n","  [0.2 0.2 0.2 0.2]\n","  [0.2 0.2 0.2 0.2]]\n","\n"," [[0.2 0.2 0.2 0.2]\n","  [0.2 0.2 0.2 0.2]\n","  [0.2 0.2 0.2 0.2]\n","  [0.2 0.2 0.2 0.2]]\n","\n"," [[0.2 0.2 0.2 0.2]\n","  [0.2 0.2 0.2 0.2]\n","  [0.2 0.2 0.2 0.2]\n","  [0.2 0.2 0.2 0.2]]\n","\n"," [[0.2 0.2 0.2 0.2]\n","  [0.2 0.2 0.2 0.2]\n","  [0.2 0.2 0.2 0.2]\n","  [0.2 0.2 0.2 0.2]]\n","\n"," [[0.2 0.2 0.2 0.2]\n","  [0.2 0.2 0.2 0.2]\n","  [0.2 0.2 0.2 0.2]\n","  [0.2 0.2 0.2 0.2]]\n","\n"," [[0.2 0.2 0.2 0.2]\n","  [0.2 0.2 0.2 0.2]\n","  [0.2 0.2 0.2 0.2]\n","  [0.2 0.2 0.2 0.2]]\n","\n"," [[0.2 0.2 0.2 0.2]\n","  [0.2 0.2 0.2 0.2]\n","  [0.2 0.2 0.2 0.2]\n","  [0.2 0.2 0.2 0.2]]\n","\n"," [[0.2 0.2 0.2 0.2]\n","  [0.2 0.2 0.2 0.2]\n","  [0.2 0.2 0.2 0.2]\n","  [0.2 0.2 0.2 0.2]]\n","\n"," [[0.2 0.2 0.2 0.2]\n","  [0.2 0.2 0.2 0.2]\n","  [0.2 0.2 0.2 0.2]\n","  [0.2 0.2 0.2 0.2]]\n","\n"," [[0.2 0.2 0.2 0.2]\n","  [0.2 0.2 0.2 0.2]\n","  [0.2 0.2 0.2 0.2]\n","  [0.2 0.2 0.2 0.2]]\n","\n"," [[0.2 0.2 0.2 0.2]\n","  [0.2 0.2 0.2 0.2]\n","  [0.2 0.2 0.2 0.2]\n","  [0.2 0.2 0.2 0.2]]\n","\n"," [[0.2 0.2 0.2 0.2]\n","  [0.2 0.2 0.2 0.2]\n","  [0.2 0.2 0.2 0.2]\n","  [0.2 0.2 0.2 0.2]]\n","\n"," [[0.2 0.2 0.2 0.2]\n","  [0.2 0.2 0.2 0.2]\n","  [0.2 0.2 0.2 0.2]\n","  [0.2 0.2 0.2 0.2]]\n","\n"," [[0.2 0.2 0.2 0.2]\n","  [0.2 0.2 0.2 0.2]\n","  [0.2 0.2 0.2 0.2]\n","  [0.2 0.2 0.2 0.2]]\n","\n"," [[0.2 0.2 0.2 0.2]\n","  [0.2 0.2 0.2 0.2]\n","  [0.2 0.2 0.2 0.2]\n","  [0.2 0.2 0.2 0.2]]\n","\n"," [[0.2 0.2 0.2 0.2]\n","  [0.2 0.2 0.2 0.2]\n","  [0.2 0.2 0.2 0.2]\n","  [0.2 0.2 0.2 0.2]]\n","\n"," [[0.2 0.2 0.2 0.2]\n","  [0.2 0.2 0.2 0.2]\n","  [0.2 0.2 0.2 0.2]\n","  [0.2 0.2 0.2 0.2]]\n","\n"," [[0.2 0.2 0.2 0.2]\n","  [0.2 0.2 0.2 0.2]\n","  [0.2 0.2 0.2 0.2]\n","  [0.2 0.2 0.2 0.2]]\n","\n"," [[0.2 0.2 0.2 0.2]\n","  [0.2 0.2 0.2 0.2]\n","  [0.2 0.2 0.2 0.2]\n","  [0.2 0.2 0.2 0.2]]\n","\n"," [[0.2 0.2 0.2 0.2]\n","  [0.2 0.2 0.2 0.2]\n","  [0.2 0.2 0.2 0.2]\n","  [0.2 0.2 0.2 0.2]]\n","\n"," [[0.2 0.2 0.2 0.2]\n","  [0.2 0.2 0.2 0.2]\n","  [0.2 0.2 0.2 0.2]\n","  [0.2 0.2 0.2 0.2]]\n","\n"," [[0.2 0.2 0.2 0.2]\n","  [0.2 0.2 0.2 0.2]\n","  [0.2 0.2 0.2 0.2]\n","  [0.2 0.2 0.2 0.2]]\n","\n"," [[0.2 0.2 0.2 0.2]\n","  [0.2 0.2 0.2 0.2]\n","  [0.2 0.2 0.2 0.2]\n","  [0.2 0.2 0.2 0.2]]\n","\n"," [[0.2 0.2 0.2 0.2]\n","  [0.2 0.2 0.2 0.2]\n","  [0.2 0.2 0.2 0.2]\n","  [0.2 0.2 0.2 0.2]]\n","\n"," [[0.2 0.2 0.2 0.2]\n","  [0.2 0.2 0.2 0.2]\n","  [0.2 0.2 0.2 0.2]\n","  [0.2 0.2 0.2 0.2]]]\n","[[3. 3. 3. 3. 3. 3. 3. 3. 3. 3. 3. 3. 3. 3. 3. 3. 3. 3. 3. 3. 3. 3. 3. 3.\n","  3. 3. 3. 3. 3. 3. 3. 3. 3. 3. 3. 3. 3. 3. 3. 3. 3. 3. 3. 3. 3. 3. 3. 3.\n","  3. 3.]\n"," [3. 3. 3. 3. 3. 3. 3. 3. 3. 3. 3. 3. 3. 3. 3. 3. 3. 3. 3. 3. 3. 3. 3. 3.\n","  3. 3. 3. 3. 3. 3. 3. 3. 3. 3. 3. 3. 3. 3. 3. 3. 3. 3. 3. 3. 3. 3. 3. 3.\n","  3. 3.]\n"," [3. 3. 3. 3. 3. 3. 3. 3. 3. 3. 3. 3. 3. 3. 3. 3. 3. 3. 3. 3. 3. 3. 3. 3.\n","  3. 3. 3. 3. 3. 3. 3. 3. 3. 3. 3. 3. 3. 3. 3. 3. 3. 3. 3. 3. 3. 3. 3. 3.\n","  3. 3.]\n"," [3. 3. 3. 3. 3. 3. 3. 3. 3. 3. 3. 3. 3. 3. 3. 3. 3. 3. 3. 3. 3. 3. 3. 3.\n","  3. 3. 3. 3. 3. 3. 3. 3. 3. 3. 3. 3. 3. 3. 3. 3. 3. 3. 3. 3. 3. 3. 3. 3.\n","  3. 3.]\n"," [3. 3. 3. 3. 3. 3. 3. 3. 3. 3. 3. 3. 3. 3. 3. 3. 3. 3. 3. 3. 3. 3. 3. 3.\n","  3. 3. 3. 3. 3. 3. 3. 3. 3. 3. 3. 3. 3. 3. 3. 3. 3. 3. 3. 3. 3. 3. 3. 3.\n","  3. 3.]\n"," [3. 3. 3. 3. 3. 3. 3. 3. 3. 3. 3. 3. 3. 3. 3. 3. 3. 3. 3. 3. 3. 3. 3. 3.\n","  3. 3. 3. 3. 3. 3. 3. 3. 3. 3. 3. 3. 3. 3. 3. 3. 3. 3. 3. 3. 3. 3. 3. 3.\n","  3. 3.]\n"," [3. 3. 3. 3. 3. 3. 3. 3. 3. 3. 3. 3. 3. 3. 3. 3. 3. 3. 3. 3. 3. 3. 3. 3.\n","  3. 3. 3. 3. 3. 3. 3. 3. 3. 3. 3. 3. 3. 3. 3. 3. 3. 3. 3. 3. 3. 3. 3. 3.\n","  3. 3.]\n"," [3. 3. 3. 3. 3. 3. 3. 3. 3. 3. 3. 3. 3. 3. 3. 3. 3. 3. 3. 3. 3. 3. 3. 3.\n","  3. 3. 3. 3. 3. 3. 3. 3. 3. 3. 3. 3. 3. 3. 3. 3. 3. 3. 3. 3. 3. 3. 3. 3.\n","  3. 3.]\n"," [3. 3. 3. 3. 3. 3. 3. 3. 3. 3. 3. 3. 3. 3. 3. 3. 3. 3. 3. 3. 3. 3. 3. 3.\n","  3. 3. 3. 3. 3. 3. 3. 3. 3. 3. 3. 3. 3. 3. 3. 3. 3. 3. 3. 3. 3. 3. 3. 3.\n","  3. 3.]]\n","[[0.3 0.3 0.3 0.3 0.3 0.3 0.3 0.3 0.3]\n"," [0.3 0.3 0.3 0.3 0.3 0.3 0.3 0.3 0.3]\n"," [0.3 0.3 0.3 0.3 0.3 0.3 0.3 0.3 0.3]\n"," [0.3 0.3 0.3 0.3 0.3 0.3 0.3 0.3 0.3]\n"," [0.3 0.3 0.3 0.3 0.3 0.3 0.3 0.3 0.3]\n"," [0.3 0.3 0.3 0.3 0.3 0.3 0.3 0.3 0.3]\n"," [0.3 0.3 0.3 0.3 0.3 0.3 0.3 0.3 0.3]\n"," [0.3 0.3 0.3 0.3 0.3 0.3 0.3 0.3 0.3]\n"," [0.3 0.3 0.3 0.3 0.3 0.3 0.3 0.3 0.3]\n"," [0.3 0.3 0.3 0.3 0.3 0.3 0.3 0.3 0.3]\n"," [0.3 0.3 0.3 0.3 0.3 0.3 0.3 0.3 0.3]\n"," [0.3 0.3 0.3 0.3 0.3 0.3 0.3 0.3 0.3]\n"," [0.3 0.3 0.3 0.3 0.3 0.3 0.3 0.3 0.3]\n"," [0.3 0.3 0.3 0.3 0.3 0.3 0.3 0.3 0.3]\n"," [0.3 0.3 0.3 0.3 0.3 0.3 0.3 0.3 0.3]\n"," [0.3 0.3 0.3 0.3 0.3 0.3 0.3 0.3 0.3]\n"," [0.3 0.3 0.3 0.3 0.3 0.3 0.3 0.3 0.3]\n"," [0.3 0.3 0.3 0.3 0.3 0.3 0.3 0.3 0.3]\n"," [0.3 0.3 0.3 0.3 0.3 0.3 0.3 0.3 0.3]\n"," [0.3 0.3 0.3 0.3 0.3 0.3 0.3 0.3 0.3]\n"," [0.3 0.3 0.3 0.3 0.3 0.3 0.3 0.3 0.3]\n"," [0.3 0.3 0.3 0.3 0.3 0.3 0.3 0.3 0.3]\n"," [0.3 0.3 0.3 0.3 0.3 0.3 0.3 0.3 0.3]\n"," [0.3 0.3 0.3 0.3 0.3 0.3 0.3 0.3 0.3]\n"," [0.3 0.3 0.3 0.3 0.3 0.3 0.3 0.3 0.3]\n"," [0.3 0.3 0.3 0.3 0.3 0.3 0.3 0.3 0.3]\n"," [0.3 0.3 0.3 0.3 0.3 0.3 0.3 0.3 0.3]\n"," [0.3 0.3 0.3 0.3 0.3 0.3 0.3 0.3 0.3]\n"," [0.3 0.3 0.3 0.3 0.3 0.3 0.3 0.3 0.3]\n"," [0.3 0.3 0.3 0.3 0.3 0.3 0.3 0.3 0.3]\n"," [0.3 0.3 0.3 0.3 0.3 0.3 0.3 0.3 0.3]\n"," [0.3 0.3 0.3 0.3 0.3 0.3 0.3 0.3 0.3]\n"," [0.3 0.3 0.3 0.3 0.3 0.3 0.3 0.3 0.3]\n"," [0.3 0.3 0.3 0.3 0.3 0.3 0.3 0.3 0.3]\n"," [0.3 0.3 0.3 0.3 0.3 0.3 0.3 0.3 0.3]\n"," [0.3 0.3 0.3 0.3 0.3 0.3 0.3 0.3 0.3]\n"," [0.3 0.3 0.3 0.3 0.3 0.3 0.3 0.3 0.3]\n"," [0.3 0.3 0.3 0.3 0.3 0.3 0.3 0.3 0.3]\n"," [0.3 0.3 0.3 0.3 0.3 0.3 0.3 0.3 0.3]\n"," [0.3 0.3 0.3 0.3 0.3 0.3 0.3 0.3 0.3]\n"," [0.3 0.3 0.3 0.3 0.3 0.3 0.3 0.3 0.3]\n"," [0.3 0.3 0.3 0.3 0.3 0.3 0.3 0.3 0.3]\n"," [0.3 0.3 0.3 0.3 0.3 0.3 0.3 0.3 0.3]\n"," [0.3 0.3 0.3 0.3 0.3 0.3 0.3 0.3 0.3]\n"," [0.3 0.3 0.3 0.3 0.3 0.3 0.3 0.3 0.3]\n"," [0.3 0.3 0.3 0.3 0.3 0.3 0.3 0.3 0.3]\n"," [0.3 0.3 0.3 0.3 0.3 0.3 0.3 0.3 0.3]\n"," [0.3 0.3 0.3 0.3 0.3 0.3 0.3 0.3 0.3]\n"," [0.3 0.3 0.3 0.3 0.3 0.3 0.3 0.3 0.3]\n"," [0.3 0.3 0.3 0.3 0.3 0.3 0.3 0.3 0.3]]\n","(50, 9)\n","GLLiM dimensions are (L=4, D=9, K=50)\n"]}],"source":["Pi = np.ones(K) * 1 / K\n","A = np.ones((D, L, K))\n","C = np.ones((L, K)) * 2\n","Gamma = np.ones((K,L, L)) * 0.2\n","B = np.ones((D, K)) * 3\n","Sigma = np.ones((K,D, D)) * 0.3\n","print(Gamma.shape)\n","gllim.setParamPi(Pi)\n","gllim.setParamA(A)\n","gllim.setParamC(C)\n","gllim.setParamGamma(Gamma)\n","gllim.setParamB(B)\n","gllim.setParamSigma(np.array(Sigma[:,:,0]))\n","\n","theta = gllim.getParams()\n","print(theta.Pi)\n","print(theta.A)\n","print(theta.C)\n","print(theta.Gamma)\n","print(theta.B)\n","print(theta.Sigma)\n","print(theta.Sigma.shape)\n","print(gllim.getDimensions())"]},{"cell_type":"code","execution_count":9,"metadata":{},"outputs":[{"name":"stdout","output_type":"stream","text":["GLLiM dimensions are (L=4, D=9, K=50)\n","GLLiM dimensions are (L=4, D=9, K=50)\n"]}],"source":["print(gllim.getDimensions())\n","gllim.getParams()\n","print(gllim.getDimensions())"]},{"cell_type":"code","execution_count":10,"metadata":{},"outputs":[{"name":"stdout","output_type":"stream","text":["<class 'newkernelo._GLLiMParameters_full_diag'>\n","GLLiM dimensions are (L=4, D=9, K=50)\n","GLLiM dimensions are (L=4, D=9, K=50)\n","[[0.02 0.02 0.02 0.02 0.02 0.02 0.02 0.02 0.02 0.02 0.02 0.02 0.02 0.02\n","  0.02 0.02 0.02 0.02 0.02 0.02 0.02 0.02 0.02 0.02 0.02 0.02 0.02 0.02\n","  0.02 0.02 0.02 0.02 0.02 0.02 0.02 0.02 0.02 0.02 0.02 0.02 0.02 0.02\n","  0.02 0.02 0.02 0.02 0.02 0.02 0.02 0.02]]\n","[[[3. 3. 3. ... 3. 3. 3.]\n","  [3. 3. 3. ... 3. 3. 3.]\n","  [3. 3. 3. ... 3. 3. 3.]\n","  [3. 3. 3. ... 3. 3. 3.]]\n","\n"," [[3. 3. 3. ... 3. 3. 3.]\n","  [3. 3. 3. ... 3. 3. 3.]\n","  [3. 3. 3. ... 3. 3. 3.]\n","  [3. 3. 3. ... 3. 3. 3.]]\n","\n"," [[3. 3. 3. ... 3. 3. 3.]\n","  [3. 3. 3. ... 3. 3. 3.]\n","  [3. 3. 3. ... 3. 3. 3.]\n","  [3. 3. 3. ... 3. 3. 3.]]\n","\n"," ...\n","\n"," [[3. 3. 3. ... 3. 3. 3.]\n","  [3. 3. 3. ... 3. 3. 3.]\n","  [3. 3. 3. ... 3. 3. 3.]\n","  [3. 3. 3. ... 3. 3. 3.]]\n","\n"," [[3. 3. 3. ... 3. 3. 3.]\n","  [3. 3. 3. ... 3. 3. 3.]\n","  [3. 3. 3. ... 3. 3. 3.]\n","  [3. 3. 3. ... 3. 3. 3.]]\n","\n"," [[3. 3. 3. ... 3. 3. 3.]\n","  [3. 3. 3. ... 3. 3. 3.]\n","  [3. 3. 3. ... 3. 3. 3.]\n","  [3. 3. 3. ... 3. 3. 3.]]]\n","[[4. 4. 4. 4. 4. 4. 4. 4. 4. 4. 4. 4. 4. 4. 4. 4. 4. 4. 4. 4. 4. 4. 4. 4.\n","  4. 4. 4. 4. 4. 4. 4. 4. 4. 4. 4. 4. 4. 4. 4. 4. 4. 4. 4. 4. 4. 4. 4. 4.\n","  4. 4.]\n"," [4. 4. 4. 4. 4. 4. 4. 4. 4. 4. 4. 4. 4. 4. 4. 4. 4. 4. 4. 4. 4. 4. 4. 4.\n","  4. 4. 4. 4. 4. 4. 4. 4. 4. 4. 4. 4. 4. 4. 4. 4. 4. 4. 4. 4. 4. 4. 4. 4.\n","  4. 4.]\n"," [4. 4. 4. 4. 4. 4. 4. 4. 4. 4. 4. 4. 4. 4. 4. 4. 4. 4. 4. 4. 4. 4. 4. 4.\n","  4. 4. 4. 4. 4. 4. 4. 4. 4. 4. 4. 4. 4. 4. 4. 4. 4. 4. 4. 4. 4. 4. 4. 4.\n","  4. 4.]\n"," [4. 4. 4. 4. 4. 4. 4. 4. 4. 4. 4. 4. 4. 4. 4. 4. 4. 4. 4. 4. 4. 4. 4. 4.\n","  4. 4. 4. 4. 4. 4. 4. 4. 4. 4. 4. 4. 4. 4. 4. 4. 4. 4. 4. 4. 4. 4. 4. 4.\n","  4. 4.]]\n","[[[0.00460144 0.00450885 0.00460916 0.00457071]\n","  [0.00450885 0.00443111 0.00452315 0.00448407]\n","  [0.00460916 0.00452315 0.00464435 0.00459381]\n","  [0.00457071 0.00448407 0.00459381 0.00455936]]\n","\n"," [[0.00445295 0.00464172 0.00458048 0.00446517]\n","  [0.00464172 0.00486479 0.00478812 0.00465538]\n","  [0.00458048 0.00478812 0.00473527 0.00460121]\n","  [0.00446517 0.00465538 0.00460121 0.00449975]]\n","\n"," [[0.00472933 0.00471863 0.00461537 0.00474945]\n","  [0.00471863 0.00471884 0.0046007  0.00473599]\n","  [0.00461537 0.0046007  0.00451316 0.00463614]\n","  [0.00474945 0.00473599 0.00463614 0.00478738]]\n","\n"," [[0.00465152 0.00461269 0.00464593 0.00455445]\n","  [0.00461269 0.0046135  0.00463053 0.00454735]\n","  [0.00464593 0.00463053 0.00465811 0.00455953]\n","  [0.00455445 0.00454735 0.00455953 0.00450537]]\n","\n"," [[0.00455537 0.0046573  0.0046547  0.00459202]\n","  [0.0046573  0.00477034 0.0047635  0.00469705]\n","  [0.0046547  0.0047635  0.00478067 0.00469571]\n","  [0.00459202 0.00469705 0.00469571 0.0046329 ]]\n","\n"," [[0.00456036 0.00462786 0.00458121 0.00461021]\n","  [0.00462786 0.00471868 0.00467086 0.00469621]\n","  [0.00458121 0.00467086 0.0046344  0.00465241]\n","  [0.00461021 0.00469621 0.00465241 0.00468485]]\n","\n"," [[0.00443935 0.00462525 0.00446584 0.00443644]\n","  [0.00462525 0.00483723 0.00466325 0.00463334]\n","  [0.00446584 0.00466325 0.00453112 0.00447109]\n","  [0.00443644 0.00463334 0.00447109 0.0044503 ]]\n","\n"," [[0.00458764 0.00463183 0.00457359 0.00457218]\n","  [0.00463183 0.00469125 0.00463334 0.00461873]\n","  [0.00457359 0.00463334 0.00458636 0.00457515]\n","  [0.00457218 0.00461873 0.00457515 0.00457827]]\n","\n"," [[0.00487626 0.00463318 0.00471123 0.0047766 ]\n","  [0.00463318 0.00443252 0.00449475 0.00455987]\n","  [0.00471123 0.00449475 0.00458993 0.00463832]\n","  [0.0047766  0.00455987 0.00463832 0.00470736]]\n","\n"," [[0.00470681 0.00466672 0.00453383 0.00465956]\n","  [0.00466672 0.00466278 0.00451555 0.00461735]\n","  [0.00453383 0.00451555 0.00439991 0.0045008 ]\n","  [0.00465956 0.00461735 0.0045008  0.00463107]]\n","\n"," [[0.00455569 0.0046891  0.00461248 0.00449866]\n","  [0.0046891  0.00485048 0.00475896 0.00463354]\n","  [0.00461248 0.00475896 0.00471611 0.0045793 ]\n","  [0.00449866 0.00463354 0.0045793  0.00447211]]\n","\n"," [[0.00465224 0.00470428 0.00456176 0.00467746]\n","  [0.00470428 0.00478314 0.00463539 0.00474141]\n","  [0.00456176 0.00463539 0.00449644 0.00459585]\n","  [0.00467746 0.00474141 0.00459585 0.00471664]]\n","\n"," [[0.00478223 0.00461151 0.0047297  0.00470941]\n","  [0.00461151 0.00449958 0.00458816 0.00456019]\n","  [0.0047297  0.00458816 0.00470891 0.00468288]\n","  [0.00470941 0.00456019 0.00468288 0.0046613 ]]\n","\n"," [[0.00459865 0.00457047 0.00462236 0.0045988 ]\n","  [0.00457047 0.00456518 0.00460498 0.00456914]\n","  [0.00462236 0.00460498 0.0046692  0.00462475]\n","  [0.0045988  0.00456914 0.00462475 0.00461252]]\n","\n"," [[0.00483904 0.00468743 0.00478107 0.00469573]\n","  [0.00468743 0.00455947 0.00464039 0.00454553]\n","  [0.00478107 0.00464039 0.00474628 0.00465146]\n","  [0.00469573 0.00454553 0.00465146 0.00456835]]\n","\n"," [[0.0045564  0.00449646 0.0046427  0.00459228]\n","  [0.00449646 0.00446412 0.00459683 0.00453478]\n","  [0.0046427  0.00459683 0.00474405 0.00468407]\n","  [0.00459228 0.00453478 0.00468407 0.00463285]]\n","\n"," [[0.00466292 0.00469216 0.00476544 0.00463578]\n","  [0.00469216 0.00475167 0.00480936 0.00467046]\n","  [0.00476544 0.00480936 0.00488536 0.00474523]\n","  [0.00463578 0.00467046 0.00474523 0.00463679]]\n","\n"," [[0.0048485  0.00461541 0.0047171  0.00474163]\n","  [0.00461541 0.00440812 0.00449965 0.00452123]\n","  [0.0047171  0.00449965 0.00463637 0.00463576]\n","  [0.00474163 0.00452123 0.00463576 0.00466984]]\n","\n"," [[0.00462051 0.00456061 0.00459192 0.0046301 ]\n","  [0.00456061 0.0045375  0.00454702 0.00459815]\n","  [0.00459192 0.00454702 0.00458839 0.00461347]\n","  [0.0046301  0.00459815 0.00461347 0.00466861]]\n","\n"," [[0.00458111 0.00457734 0.00462183 0.00450208]\n","  [0.00457734 0.00458602 0.00463396 0.00450875]\n","  [0.00462183 0.00463396 0.00470745 0.00456305]\n","  [0.00450208 0.00450875 0.00456305 0.00444256]]\n","\n"," [[0.0046563  0.00462201 0.0045561  0.0046513 ]\n","  [0.00462201 0.0046334  0.0045393  0.00465502]\n","  [0.0045561  0.0045393  0.00447157 0.00456908]\n","  [0.0046513  0.00465502 0.00456908 0.00469433]]\n","\n"," [[0.00492729 0.00467922 0.00488657 0.00486871]\n","  [0.00467922 0.00446681 0.00465128 0.00463671]\n","  [0.00488657 0.00465128 0.00486909 0.00483345]\n","  [0.00486871 0.00463671 0.00483345 0.00483793]]\n","\n"," [[0.00450458 0.00450315 0.00455044 0.00463543]\n","  [0.00450315 0.00453874 0.00457822 0.00465302]\n","  [0.00455044 0.00457822 0.0046513  0.00471729]\n","  [0.00463543 0.00465302 0.00471729 0.00480777]]\n","\n"," [[0.00447144 0.00459488 0.00448871 0.00460768]\n","  [0.00459488 0.00472873 0.00461493 0.00473699]\n","  [0.00448871 0.00461493 0.00452782 0.00464527]\n","  [0.00460768 0.00473699 0.00464527 0.00477909]]\n","\n"," [[0.00475285 0.00462961 0.0047428  0.00458078]\n","  [0.00462961 0.00452115 0.00463127 0.0044696 ]\n","  [0.0047428  0.00463127 0.00475956 0.00457343]\n","  [0.00458078 0.0044696  0.00457343 0.00442948]]\n","\n"," [[0.00473002 0.00468223 0.00463981 0.00471778]\n","  [0.00468223 0.00464421 0.00460508 0.00467259]\n","  [0.00463981 0.00460508 0.00460291 0.00465307]\n","  [0.00471778 0.00467259 0.00465307 0.00472985]]\n","\n"," [[0.0047212  0.0046951  0.00462836 0.00459019]\n","  [0.0046951  0.00469683 0.00462407 0.0045843 ]\n","  [0.00462836 0.00462407 0.00456974 0.004523  ]\n","  [0.00459019 0.0045843  0.004523   0.00448801]]\n","\n"," [[0.00463186 0.00455575 0.00451579 0.00463854]\n","  [0.00455575 0.00449432 0.00444666 0.00457954]\n","  [0.00451579 0.00444666 0.00442275 0.00454136]\n","  [0.00463854 0.00457954 0.00454136 0.00467986]]\n","\n"," [[0.00475294 0.00469182 0.00463875 0.00464496]\n","  [0.00469182 0.00465655 0.00459338 0.00459731]\n","  [0.00463875 0.00459338 0.00454441 0.00453601]\n","  [0.00464496 0.00459731 0.00453601 0.00455234]]\n","\n"," [[0.0044999  0.00458865 0.00459835 0.00449852]\n","  [0.00458865 0.00470835 0.00470862 0.00459767]\n","  [0.00459835 0.00470862 0.00474054 0.00460453]\n","  [0.00449852 0.00459767 0.00460453 0.00451038]]\n","\n"," [[0.00449978 0.0044853  0.00452046 0.00452152]\n","  [0.0044853  0.00448572 0.00451482 0.00451706]\n","  [0.00452046 0.00451482 0.00457379 0.00456448]\n","  [0.00452152 0.00451706 0.00456448 0.00457324]]\n","\n"," [[0.00453237 0.00447392 0.00451083 0.00461556]\n","  [0.00447392 0.00446643 0.00447497 0.00457891]\n","  [0.00451083 0.00447497 0.00452874 0.00460813]\n","  [0.00461556 0.00457891 0.00460813 0.00471883]]\n","\n"," [[0.00458804 0.00465423 0.00450966 0.00462307]\n","  [0.00465423 0.00474311 0.00458156 0.00469653]\n","  [0.00450966 0.00458156 0.00444194 0.00454287]\n","  [0.00462307 0.00469653 0.00454287 0.00466883]]\n","\n"," [[0.00480592 0.00475651 0.00471744 0.00469192]\n","  [0.00475651 0.00472055 0.00467677 0.00465189]\n","  [0.00471744 0.00467677 0.00465858 0.00461287]\n","  [0.00469192 0.00465189 0.00461287 0.00459322]]\n","\n"," [[0.00456633 0.00460462 0.00460253 0.00455973]\n","  [0.00460462 0.00466227 0.00465365 0.00459714]\n","  [0.00460253 0.00465365 0.00466816 0.00460609]\n","  [0.00455973 0.00459714 0.00460609 0.00456427]]\n","\n"," [[0.00472817 0.00459785 0.00475355 0.00462623]\n","  [0.00459785 0.00452353 0.00462625 0.00450939]\n","  [0.00475355 0.00462625 0.0047969  0.00465707]\n","  [0.00462623 0.00450939 0.00465707 0.00454575]]\n","\n"," [[0.00473176 0.00464442 0.00456898 0.00452402]\n","  [0.00464442 0.00458711 0.00450298 0.00444162]\n","  [0.00456898 0.00450298 0.0044265  0.00436693]\n","  [0.00452402 0.00444162 0.00436693 0.00433127]]\n","\n"," [[0.00468067 0.00464078 0.00454731 0.00452407]\n","  [0.00464078 0.00461897 0.00452557 0.00449501]\n","  [0.00454731 0.00452557 0.00444518 0.00440913]\n","  [0.00452407 0.00449501 0.00440913 0.00439185]]\n","\n"," [[0.00464279 0.00455865 0.0046898  0.00458558]\n","  [0.00455865 0.00451525 0.00462099 0.00452059]\n","  [0.0046898  0.00462099 0.00476595 0.00464962]\n","  [0.00458558 0.00452059 0.00464962 0.00454504]]\n","\n"," [[0.00473447 0.00471311 0.00458429 0.00475709]\n","  [0.00471311 0.00474175 0.00459103 0.00475754]\n","  [0.00458429 0.00459103 0.00447093 0.00461545]\n","  [0.00475709 0.00475754 0.00461545 0.00481445]]\n","\n"," [[0.00463317 0.00459451 0.00463149 0.00461217]\n","  [0.00459451 0.00456285 0.00459901 0.00458016]\n","  [0.00463149 0.00459901 0.00464318 0.00462736]\n","  [0.00461217 0.00458016 0.00462736 0.00462317]]\n","\n"," [[0.00476414 0.00468496 0.00476042 0.00480555]\n","  [0.00468496 0.00462577 0.00469506 0.00474463]\n","  [0.00476042 0.00469506 0.00478842 0.00483102]\n","  [0.00480555 0.00474463 0.00483102 0.00488592]]\n","\n"," [[0.00464153 0.00457009 0.00451725 0.00456982]\n","  [0.00457009 0.00453166 0.00446576 0.0045171 ]\n","  [0.00451725 0.00446576 0.0044266  0.00445927]\n","  [0.00456982 0.0045171  0.00445927 0.00452831]]\n","\n"," [[0.00452613 0.00451073 0.00458638 0.00460516]\n","  [0.00451073 0.0045186  0.00459287 0.00458967]\n","  [0.00458638 0.00459287 0.00468436 0.00467392]\n","  [0.00460516 0.00458967 0.00467392 0.00470625]]\n","\n"," [[0.00459681 0.0046457  0.00455007 0.00456886]\n","  [0.0046457  0.00470968 0.00460181 0.00463108]\n","  [0.00455007 0.00460181 0.00451251 0.00452148]\n","  [0.00456886 0.00463108 0.00452148 0.00457436]]\n","\n"," [[0.00453189 0.00457696 0.00458241 0.00460945]\n","  [0.00457696 0.00463742 0.00463608 0.00466544]\n","  [0.00458241 0.00463608 0.00465276 0.00466308]\n","  [0.00460945 0.00466544 0.00466308 0.00469965]]\n","\n"," [[0.00465036 0.00458891 0.00471709 0.00463765]\n","  [0.00458891 0.00453946 0.00466589 0.00459055]\n","  [0.00471709 0.00466589 0.00481799 0.0047177 ]\n","  [0.00463765 0.00459055 0.0047177  0.0046451 ]]\n","\n"," [[0.00468817 0.00460158 0.00453042 0.00472704]\n","  [0.00460158 0.00453176 0.0044513  0.00464652]\n","  [0.00453042 0.0044513  0.00438234 0.0045695 ]\n","  [0.00472704 0.00464652 0.0045695  0.00478743]]\n","\n"," [[0.00442616 0.00445985 0.00446612 0.00449739]\n","  [0.00445985 0.00450429 0.0045111  0.0045349 ]\n","  [0.00446612 0.0045111  0.00453481 0.00455917]\n","  [0.00449739 0.0045349  0.00455917 0.00459346]]\n","\n"," [[0.00464199 0.00459329 0.00457434 0.00454768]\n","  [0.00459329 0.00458938 0.00454711 0.00450737]\n","  [0.00457434 0.00454711 0.00453108 0.00448618]\n","  [0.00454768 0.00450737 0.00448618 0.00446406]]]\n","[[6. 6. 6. 6. 6. 6. 6. 6. 6. 6. 6. 6. 6. 6. 6. 6. 6. 6. 6. 6. 6. 6. 6. 6.\n","  6. 6. 6. 6. 6. 6. 6. 6. 6. 6. 6. 6. 6. 6. 6. 6. 6. 6. 6. 6. 6. 6. 6. 6.\n","  6. 6.]\n"," [6. 6. 6. 6. 6. 6. 6. 6. 6. 6. 6. 6. 6. 6. 6. 6. 6. 6. 6. 6. 6. 6. 6. 6.\n","  6. 6. 6. 6. 6. 6. 6. 6. 6. 6. 6. 6. 6. 6. 6. 6. 6. 6. 6. 6. 6. 6. 6. 6.\n","  6. 6.]\n"," [6. 6. 6. 6. 6. 6. 6. 6. 6. 6. 6. 6. 6. 6. 6. 6. 6. 6. 6. 6. 6. 6. 6. 6.\n","  6. 6. 6. 6. 6. 6. 6. 6. 6. 6. 6. 6. 6. 6. 6. 6. 6. 6. 6. 6. 6. 6. 6. 6.\n","  6. 6.]\n"," [6. 6. 6. 6. 6. 6. 6. 6. 6. 6. 6. 6. 6. 6. 6. 6. 6. 6. 6. 6. 6. 6. 6. 6.\n","  6. 6. 6. 6. 6. 6. 6. 6. 6. 6. 6. 6. 6. 6. 6. 6. 6. 6. 6. 6. 6. 6. 6. 6.\n","  6. 6.]\n"," [6. 6. 6. 6. 6. 6. 6. 6. 6. 6. 6. 6. 6. 6. 6. 6. 6. 6. 6. 6. 6. 6. 6. 6.\n","  6. 6. 6. 6. 6. 6. 6. 6. 6. 6. 6. 6. 6. 6. 6. 6. 6. 6. 6. 6. 6. 6. 6. 6.\n","  6. 6.]\n"," [6. 6. 6. 6. 6. 6. 6. 6. 6. 6. 6. 6. 6. 6. 6. 6. 6. 6. 6. 6. 6. 6. 6. 6.\n","  6. 6. 6. 6. 6. 6. 6. 6. 6. 6. 6. 6. 6. 6. 6. 6. 6. 6. 6. 6. 6. 6. 6. 6.\n","  6. 6.]\n"," [6. 6. 6. 6. 6. 6. 6. 6. 6. 6. 6. 6. 6. 6. 6. 6. 6. 6. 6. 6. 6. 6. 6. 6.\n","  6. 6. 6. 6. 6. 6. 6. 6. 6. 6. 6. 6. 6. 6. 6. 6. 6. 6. 6. 6. 6. 6. 6. 6.\n","  6. 6.]\n"," [6. 6. 6. 6. 6. 6. 6. 6. 6. 6. 6. 6. 6. 6. 6. 6. 6. 6. 6. 6. 6. 6. 6. 6.\n","  6. 6. 6. 6. 6. 6. 6. 6. 6. 6. 6. 6. 6. 6. 6. 6. 6. 6. 6. 6. 6. 6. 6. 6.\n","  6. 6.]\n"," [6. 6. 6. 6. 6. 6. 6. 6. 6. 6. 6. 6. 6. 6. 6. 6. 6. 6. 6. 6. 6. 6. 6. 6.\n","  6. 6. 6. 6. 6. 6. 6. 6. 6. 6. 6. 6. 6. 6. 6. 6. 6. 6. 6. 6. 6. 6. 6. 6.\n","  6. 6.]]\n","[[1.09701555 1.0616249  1.00452259 1.00341226 1.06527435 1.06731429\n","  1.05773254 1.06147786 1.08127971]\n"," [1.09082021 1.02339217 1.0819083  1.04444048 1.07309983 1.08485215\n","  1.03437577 1.06126371 1.06260756]\n"," [1.09051305 1.05836547 1.02817146 1.00833899 1.04952407 1.03783772\n","  1.04060003 1.02255741 1.07863507]\n"," [1.05099753 1.04852002 1.08021041 1.08447999 1.06637676 1.06556428\n","  1.06505957 1.05363109 1.05984984]\n"," [1.08964704 1.08233385 1.01316978 1.09066177 1.0528313  1.02464534\n","  1.04296421 1.02810455 1.00174028]\n"," [1.06660858 1.08663385 1.02649747 1.03803212 1.01189928 1.05628624\n","  1.02593298 1.0616673  1.02226674]\n"," [1.07747883 1.04814625 1.06683811 1.02162418 1.07189061 1.05258993\n","  1.07238371 1.05595293 1.09497192]\n"," [1.05412346 1.07981638 1.00480067 1.07854941 1.08403522 1.06927878\n","  1.08082867 1.02054172 1.00535154]\n"," [1.08448333 1.04352988 1.09057886 1.08468672 1.00838464 1.0136985\n","  1.04216137 1.09012448 1.06684065]\n"," [1.08664729 1.00210728 1.00615015 1.06287757 1.00362205 1.02904353\n","  1.03780369 1.06129853 1.00850157]\n"," [1.02897729 1.02713487 1.05933436 1.05797868 1.01291874 1.08802839\n","  1.0259928  1.09028728 1.03661917]\n"," [1.00277743 1.05649724 1.0409924  1.02084276 1.07951924 1.09183483\n","  1.04846732 1.09941768 1.03657186]\n"," [1.04587474 1.01923718 1.08584403 1.07494864 1.03936113 1.08430658\n","  1.00209931 1.01436358 1.03313526]\n"," [1.00051392 1.0101169  1.0980126  1.0356756  1.08064727 1.08211824\n","  1.01057135 1.0238319  1.08437182]\n"," [1.05151441 1.07985539 1.07057589 1.09379166 1.09741426 1.0610765\n","  1.08644626 1.00772074 1.02928871]\n"," [1.05028476 1.08934074 1.01351498 1.05846783 1.08645413 1.0743556\n","  1.03398894 1.02458116 1.04678459]\n"," [1.08394577 1.02888539 1.07496125 1.00102524 1.05833472 1.01153115\n","  1.07102738 1.07096821 1.02028717]\n"," [1.02898893 1.01419985 1.08371955 1.03943709 1.01585178 1.06036115\n","  1.02759597 1.05115076 1.04052488]\n"," [1.09986537 1.0935204  1.01541683 1.02435203 1.00738451 1.08308324\n","  1.03409581 1.01159351 1.06838272]\n"," [1.07810163 1.07154387 1.0688669  1.01595674 1.09174978 1.02289117\n","  1.04116315 1.02765691 1.0784431 ]\n"," [1.07505502 1.01378941 1.03152986 1.01159218 1.03580739 1.01240234\n","  1.07884389 1.01931792 1.03743843]\n"," [1.09831344 1.06916119 1.0236446  1.01833953 1.09117993 1.04718169\n","  1.06739948 1.03238417 1.00056072]\n"," [1.08221576 1.08354397 1.06139701 1.06675755 1.05841154 1.05258703\n","  1.08165211 1.09915284 1.07775291]\n"," [1.02279712 1.02503627 1.07959921 1.04893001 1.08357481 1.03353979\n","  1.02369681 1.07471684 1.02299096]\n"," [1.04612513 1.01876254 1.0423539  1.04272508 1.02538818 1.07559031\n","  1.09664688 1.02925619 1.03092005]\n"," [1.07685509 1.01867501 1.07203405 1.03223726 1.04942544 1.09357291\n","  1.01763566 1.09731776 1.02825344]\n"," [1.06848193 1.07386783 1.04127177 1.01175525 1.02612756 1.0300456\n","  1.09890576 1.06766833 1.02404816]\n"," [1.02788662 1.07530475 1.05966805 1.05782572 1.00678047 1.03319628\n","  1.08381714 1.07416423 1.0953207 ]\n"," [1.06364901 1.02199994 1.09792753 1.07363788 1.00760639 1.02318648\n","  1.00121516 1.07785423 1.01210807]\n"," [1.04615817 1.01608381 1.0310603  1.00170129 1.00452549 1.06865778\n","  1.00615975 1.02843718 1.07228186]\n"," [1.00718958 1.03862799 1.06763612 1.03765718 1.07483657 1.04275593\n","  1.06332761 1.01211412 1.02084179]\n"," [1.04300608 1.03988887 1.01799044 1.03567398 1.00262422 1.08025624\n","  1.09447263 1.08192479 1.01455681]\n"," [1.07912946 1.07601543 1.03275806 1.07793653 1.0259778  1.02594444\n","  1.06717899 1.09482386 1.09069011]\n"," [1.06495611 1.09997853 1.06410976 1.02723783 1.03959195 1.06102867\n","  1.09993298 1.06408195 1.00392887]\n"," [1.03580997 1.04194264 1.02908782 1.06031522 1.08094513 1.03808267\n","  1.00006026 1.02118049 1.0713344 ]\n"," [1.05460024 1.01137785 1.06701066 1.07144774 1.04007867 1.05584734\n","  1.02133309 1.06411027 1.09475671]\n"," [1.05958164 1.08131219 1.05415176 1.01765172 1.09848781 1.07859704\n","  1.051183   1.06960653 1.09060406]\n"," [1.00162382 1.00738178 1.06603503 1.0725621  1.00985182 1.03397982\n","  1.00199579 1.02004213 1.08562386]\n"," [1.01450553 1.04397398 1.06251101 1.04311156 1.06011412 1.02371472\n","  1.00737211 1.02497479 1.0674244 ]\n"," [1.0000922  1.08216431 1.04775482 1.0245059  1.05256714 1.05324769\n","  1.07355325 1.09624005 1.07674567]\n"," [1.00950561 1.01699277 1.08812564 1.00766914 1.06209845 1.00458087\n","  1.08500479 1.08532466 1.07589177]\n"," [1.00905987 1.09354809 1.07255793 1.04881966 1.00910424 1.07936215\n","  1.01455765 1.0003241  1.04438159]\n"," [1.06451364 1.00156442 1.01388623 1.00021451 1.07416358 1.06881748\n","  1.02048349 1.04844208 1.02241916]\n"," [1.00769245 1.09434891 1.09821685 1.06604636 1.07244798 1.04421657\n","  1.04833281 1.04589582 1.01264885]\n"," [1.04079368 1.07615014 1.07352816 1.07318249 1.08204022 1.01674387\n","  1.04260318 1.09763593 1.07180783]\n"," [1.05998432 1.03564445 1.01134685 1.03290914 1.02388455 1.09209102\n","  1.03342405 1.03612865 1.05624218]\n"," [1.07699367 1.05899576 1.01366565 1.04954149 1.08636064 1.08124322\n","  1.0442249  1.04636416 1.03385719]\n"," [1.07624432 1.06103968 1.04927693 1.0301268  1.02221308 1.01198178\n","  1.0512802  1.06143526 1.06979715]\n"," [1.04609652 1.0538181  1.08395492 1.01917353 1.03983834 1.02615795\n","  1.02989583 1.08458329 1.04596647]\n"," [1.09816081 1.03821784 1.08505508 1.00019212 1.01631954 1.04696408\n","  1.05345117 1.02105036 1.00298042]]\n"]}],"source":["new_theta = lib.GLLiMParameters(L,D,K, \"full\", \"diag\")\n","print(type(new_theta))\n","\n","Gamma = np.ones((K,L,L)) + np.random.rand(K,L,L) * 0.1\n","Sigma = np.ones((K,D)) + np.random.rand(K,D) * 0.1\n","for k in range(K):\n","    Gamma[k] += np.eye(L) * 0.1\n","    Gamma[k] = np.dot(Gamma[k], Gamma[k].T) * 0.001\n","    # Sigma[k] += np.eye(D) * 0.1\n","    # Sigma[k] = np.dot(Sigma[k], Sigma[k].T) * 0.001\n","new_theta.Pi = Pi\n","new_theta.A = A * 3\n","new_theta.C = C * 2\n","new_theta.Gamma = Gamma\n","new_theta.B = B * 2\n","new_theta.Sigma = Sigma\n","print(gllim.getDimensions())\n","gllim.setParams(new_theta)\n","print(gllim.getDimensions()) # TODO ERROR GLLiM<TGamma,TSigma> dimensions are (L=4000838736, D=32766, K=4000837888)\n","theta = gllim.getParams()\n","print(theta.Pi)\n","print(theta.A)\n","print(theta.C)\n","print(theta.Gamma)\n","print(theta.B)\n","print(theta.Sigma)"]},{"cell_type":"code","execution_count":11,"metadata":{},"outputs":[{"name":"stdout","output_type":"stream","text":["[[0.02 0.02 0.02 0.02 0.02 0.02 0.02 0.02 0.02 0.02 0.02 0.02 0.02 0.02\n","  0.02 0.02 0.02 0.02 0.02 0.02 0.02 0.02 0.02 0.02 0.02 0.02 0.02 0.02\n","  0.02 0.02 0.02 0.02 0.02 0.02 0.02 0.02 0.02 0.02 0.02 0.02 0.02 0.02\n","  0.02 0.02 0.02 0.02 0.02 0.02 0.02 0.02]]\n","[[[0.00758718 0.00750385 0.00761084 ... 0.00774204 0.00778212 0.0075195 ]\n","  [0.00784011 0.00799826 0.00784202 ... 0.00785299 0.0077251  0.00795365]\n","  [0.00828579 0.00756566 0.00807231 ... 0.00794102 0.00751032 0.00761032]\n","  ...\n","  [0.00786896 0.00791333 0.0079759  ... 0.00792589 0.00790454 0.00783864]\n","  [0.0078412  0.00771284 0.00811663 ... 0.00785006 0.00750597 0.00808738]\n","  [0.0076976  0.00770308 0.00769465 ... 0.0077887  0.00778309 0.00823308]]\n","\n"," [[0.00744491 0.00783878 0.00759522 ... 0.00761012 0.00785215 0.00747028]\n","  [0.0076931  0.00835525 0.00782592 ... 0.00771917 0.00779462 0.00790159]\n","  [0.00813041 0.00790335 0.00805574 ... 0.00780571 0.00757791 0.00756051]\n","  ...\n","  [0.00772141 0.00826653 0.00795953 ... 0.00779083 0.00797567 0.00778733]\n","  [0.00769416 0.00805709 0.00809997 ... 0.00771629 0.00757352 0.00803445]\n","  [0.00755326 0.0080469  0.00767886 ... 0.00765598 0.00785313 0.0081792 ]]\n","\n"," [[0.0076205  0.00773747 0.00742984 ... 0.00748589 0.00787877 0.00742996]\n","  [0.00787454 0.00824726 0.00765552 ... 0.00759316 0.00782104 0.00785894]\n","  [0.00832217 0.0078012  0.00788033 ... 0.00767829 0.0076036  0.0075197 ]\n","  ...\n","  [0.00790352 0.00815969 0.00778621 ... 0.00766365 0.00800271 0.0077453 ]\n","  [0.00787563 0.00795296 0.0079236  ... 0.00759033 0.00759919 0.00799108]\n","  [0.0077314  0.0079429  0.00751166 ... 0.007531   0.00787975 0.00813505]]\n","\n"," [[0.00755308 0.00753743 0.00764975 ... 0.00781855 0.00792835 0.00737531]\n","  [0.00780487 0.00803405 0.00788211 ... 0.00793059 0.00787026 0.00780113]\n","  [0.00824854 0.00759952 0.00811358 ... 0.00801949 0.00765144 0.00746439]\n","  ...\n","  [0.0078336  0.00794874 0.00801667 ... 0.00800421 0.00805307 0.00768833]\n","  [0.00780596 0.00774735 0.00815812 ... 0.00792763 0.00764701 0.0079323 ]\n","  [0.007663   0.00773756 0.00773399 ... 0.00786567 0.00792934 0.00807521]]]\n","[[54. 54. 54. 54. 54. 54. 54. 54. 54. 54. 54. 54. 54. 54. 54. 54. 54. 54.\n","  54. 54. 54. 54. 54. 54. 54. 54. 54. 54. 54. 54. 54. 54. 54. 54. 54. 54.\n","  54. 54. 54. 54. 54. 54. 54. 54. 54. 54. 54. 54. 54. 54.]\n"," [54. 54. 54. 54. 54. 54. 54. 54. 54. 54. 54. 54. 54. 54. 54. 54. 54. 54.\n","  54. 54. 54. 54. 54. 54. 54. 54. 54. 54. 54. 54. 54. 54. 54. 54. 54. 54.\n","  54. 54. 54. 54. 54. 54. 54. 54. 54. 54. 54. 54. 54. 54.]\n"," [54. 54. 54. 54. 54. 54. 54. 54. 54. 54. 54. 54. 54. 54. 54. 54. 54. 54.\n","  54. 54. 54. 54. 54. 54. 54. 54. 54. 54. 54. 54. 54. 54. 54. 54. 54. 54.\n","  54. 54. 54. 54. 54. 54. 54. 54. 54. 54. 54. 54. 54. 54.]\n"," [54. 54. 54. 54. 54. 54. 54. 54. 54. 54. 54. 54. 54. 54. 54. 54. 54. 54.\n","  54. 54. 54. 54. 54. 54. 54. 54. 54. 54. 54. 54. 54. 54. 54. 54. 54. 54.\n","  54. 54. 54. 54. 54. 54. 54. 54. 54. 54. 54. 54. 54. 54.]\n"," [54. 54. 54. 54. 54. 54. 54. 54. 54. 54. 54. 54. 54. 54. 54. 54. 54. 54.\n","  54. 54. 54. 54. 54. 54. 54. 54. 54. 54. 54. 54. 54. 54. 54. 54. 54. 54.\n","  54. 54. 54. 54. 54. 54. 54. 54. 54. 54. 54. 54. 54. 54.]\n"," [54. 54. 54. 54. 54. 54. 54. 54. 54. 54. 54. 54. 54. 54. 54. 54. 54. 54.\n","  54. 54. 54. 54. 54. 54. 54. 54. 54. 54. 54. 54. 54. 54. 54. 54. 54. 54.\n","  54. 54. 54. 54. 54. 54. 54. 54. 54. 54. 54. 54. 54. 54.]\n"," [54. 54. 54. 54. 54. 54. 54. 54. 54. 54. 54. 54. 54. 54. 54. 54. 54. 54.\n","  54. 54. 54. 54. 54. 54. 54. 54. 54. 54. 54. 54. 54. 54. 54. 54. 54. 54.\n","  54. 54. 54. 54. 54. 54. 54. 54. 54. 54. 54. 54. 54. 54.]\n"," [54. 54. 54. 54. 54. 54. 54. 54. 54. 54. 54. 54. 54. 54. 54. 54. 54. 54.\n","  54. 54. 54. 54. 54. 54. 54. 54. 54. 54. 54. 54. 54. 54. 54. 54. 54. 54.\n","  54. 54. 54. 54. 54. 54. 54. 54. 54. 54. 54. 54. 54. 54.]\n"," [54. 54. 54. 54. 54. 54. 54. 54. 54. 54. 54. 54. 54. 54. 54. 54. 54. 54.\n","  54. 54. 54. 54. 54. 54. 54. 54. 54. 54. 54. 54. 54. 54. 54. 54. 54. 54.\n","  54. 54. 54. 54. 54. 54. 54. 54. 54. 54. 54. 54. 54. 54.]]\n","[[[1.75235739 0.65534184 0.65534184 ... 0.65534184 0.65534184 0.65534184]\n","  [0.65534184 1.71696674 0.65534184 ... 0.65534184 0.65534184 0.65534184]\n","  [0.65534184 0.65534184 1.65986444 ... 0.65534184 0.65534184 0.65534184]\n","  ...\n","  [0.65534184 0.65534184 0.65534184 ... 1.71307438 0.65534184 0.65534184]\n","  [0.65534184 0.65534184 0.65534184 ... 0.65534184 1.71681971 0.65534184]\n","  [0.65534184 0.65534184 0.65534184 ... 0.65534184 0.65534184 1.73662155]]\n","\n"," [[1.75697254 0.66615232 0.66615232 ... 0.66615232 0.66615232 0.66615232]\n","  [0.66615232 1.68954449 0.