{"cells":[{"cell_type":"code","execution_count":1,"metadata":{"metadata":{}},"outputs":[],"source":["import newkernelo as lib\n","import kernelo as oldker\n","import numpy as np\n","import time\n","import os.path\n","import json\n","import logging\n","logging.getLogger().setLevel(logging.INFO)"]},{"cell_type":"code","execution_count":2,"metadata":{},"outputs":[{"name":"stdout","output_type":"stream","text":["<class 'newkernelo._GLLiM_full_diag'>\u001b[39mINFO: GLLiM Parameters initialized\u001b[0m\n","\n","(50, 4, 4)\n","\u001b[39mINFO: GLLiM dimensions are (L=4, D=9, K=50)\u001b[0m\n","\u001b[39mINFO: GLLiM constraints are :\n","\tgamma_type = 'full',\n","\tsigma_type = 'diag'.\u001b[0m\n"]}],"source":["K = 50\n","D = 9\n","L = 4\n","\n","# ! Hybrid model\n","n_hidden_variables = 0\n","L_t = L - n_hidden_variables\n","L_w = n_hidden_variables\n","\n","gllim = lib.GLLiM(K, D, L, gamma_type='full', sigma_type='diag', n_hidden_variables=n_hidden_variables)\n","print(type(gllim))\n","gllim.getDimensions()\n","gllim.getConstraints()\n","gllim.getParamPi()\n","gllim.getParamGamma()\n","print(gllim.getParamGamma().shape)\n"]},{"cell_type":"code","execution_count":3,"metadata":{},"outputs":[{"name":"stdout","output_type":"stream","text":["\u001b[39mINFO: GLLiM Parameters initialized\u001b[0m"]},{"data":{"text/plain":["<newkernelo._GLLiM_full_diag at 0x7257dc4a5b30>"]},"execution_count":3,"metadata":{},"output_type":"execute_result"},{"name":"stdout","output_type":"stream","text":["\n","\u001b[39mINFO: GLLiM dimensions are (L=4, D=9, K=50)\u001b[0m\n","\u001b[39mINFO: GLLiM constraints are :\n","\tgamma_type = 'full',\n","\tsigma_type = 'full'.\u001b[0m\n"]}],"source":["lib._GLLiM_full_diag(K, D, L, 'full', 'full', n_hidden_variables)"]},{"cell_type":"code","execution_count":4,"metadata":{},"outputs":[{"name":"stdout","output_type":"stream","text":["GLLiM dimensions are (L=4, D=9, K=50)\n"]},{"data":{"text/plain":["(50, 4, 4)"]},"execution_count":4,"metadata":{},"output_type":"execute_result"}],"source":["print(gllim.getDimensions())\n","gllim.getParams()\n","gllim.getParamGamma().shape"]},{"cell_type":"code","execution_count":5,"metadata":{},"outputs":[{"name":"stdout","output_type":"stream","text":["[[0. 0. 0. 0. 0. 0. 0. 0. 0. 0. 0. 0. 0. 0. 0. 0. 0. 0. 0. 0. 0. 0. 0. 0.\n","  0. 0. 0. 0. 0. 0. 0. 0. 0. 0. 0. 0. 0. 0. 0. 0. 0. 0. 0. 0. 0. 0. 0. 0.\n","  0. 0.]]\n","(9, 4, 50)\n","GLLiM dimensions are (L=4, D=9, K=50)\n"]}],"source":["theta = gllim.getParams()\n","print(theta.Pi)\n","print(theta.A.shape)\n","# print(theta.L)\n","print(gllim.getDimensions())"]},{"cell_type":"code","execution_count":6,"metadata":{},"outputs":[{"name":"stdout","output_type":"stream","text":["GLLiM dimensions are (L=4, D=9, K=50)\n"]}],"source":["gllim.getParams()\n","gllim.getParamPi()\n","gllim.getParamA()\n","gllim.getParamC()\n","gllim.getParamGamma()\n","gllim.getParamB()\n","gllim.getParamSigma()\n","print(gllim.getDimensions())"]},{"cell_type":"code","execution_count":7,"metadata":{},"outputs":[{"name":"stdout","output_type":"stream","text":["GLLiM dimensions are (L=4, D=9, K=50)\n"]}],"source":["gllim.getInverse().C\n","print(gllim.getDimensions())"]},{"cell_type":"code","execution_count":8,"metadata":{},"outputs":[{"name":"stdout","output_type":"stream","text":["(50, 4, 4)\n","[[0.02 0.02 0.02 0.02 0.02 0.02 0.02 0.02 0.02 0.02 0.02 0.02 0.02 0.02\n","  0.02 0.02 0.02 0.02 0.02 0.02 0.02 0.02 0.02 0.02 0.02 0.02 0.02 0.02\n","  0.02 0.02 0.02 0.02 0.02 0.02 0.02 0.02 0.02 0.02 0.02 0.02 0.02 0.02\n","  0.02 0.02 0.02 0.02 0.02 0.02 0.02 0.02]]\n","[[[1. 1. 1. ... 1. 1. 1.]\n","  [1. 1. 1. ... 1. 1. 1.]\n","  [1. 1. 1. ... 1. 1. 1.]\n","  [1. 1. 1. ... 1. 1. 1.]]\n","\n"," [[1. 1. 1. ... 1. 1. 1.]\n","  [1. 1. 1. ... 1. 1. 1.]\n","  [1. 1. 1. ... 1. 1. 1.]\n","  [1. 1. 1. ... 1. 1. 1.]]\n","\n"," [[1. 1. 1. ... 1. 1. 1.]\n","  [1. 1. 1. ... 1. 1. 1.]\n","  [1. 1. 1. ... 1. 1. 1.]\n","  [1. 1. 1. ... 1. 1. 1.]]\n","\n"," ...\n","\n"," [[1. 1. 1. ... 1. 1. 1.]\n","  [1. 1. 1. ... 1. 1. 1.]\n","  [1. 1. 1. ... 1. 1. 1.]\n","  [1. 1. 1. ... 1. 1. 1.]]\n","\n"," [[1. 1. 1. ... 1. 1. 1.]\n","  [1. 1. 1. ... 1. 1. 1.]\n","  [1. 1. 1. ... 1. 1. 1.]\n","  [1. 1. 1. ... 1. 1. 1.]]\n","\n"," [[1. 1. 1. ... 1. 1. 1.]\n","  [1. 1. 1. ... 1. 1. 1.]\n","  [1. 1. 1. ... 1. 1. 1.]\n","  [1. 1. 1. ... 1. 1. 1.]]]\n","[[2. 2. 2. 2. 2. 2. 2. 2. 2. 2. 2. 2. 2. 2. 2. 2. 2. 2. 2. 2. 2. 2. 2. 2.\n","  2. 2. 2. 2. 2. 2. 2. 2. 2. 2. 2. 2. 2. 2. 2. 2. 2. 2. 2. 2. 2. 2. 2. 2.\n","  2. 2.]\n"," [2. 2. 2. 2. 2. 2. 2. 2. 2. 2. 2. 2. 2. 2. 2. 2. 2. 2. 2. 2. 2. 2. 2. 2.\n","  2. 2. 2. 2. 2. 2. 2. 2. 2. 2. 2. 2. 2. 2. 2. 2. 2. 2. 2. 2. 2. 2. 2. 2.\n","  2. 2.]\n"," [2. 2. 2. 2. 2. 2. 2. 2. 2. 2. 2. 2. 2. 2. 2. 2. 2. 2. 2. 2. 2. 2. 2. 2.\n","  2. 2. 2. 2. 2. 2. 2. 2. 2. 2. 2. 2. 2. 2. 2. 2. 2. 2. 2. 2. 2. 2. 2. 2.\n","  2. 2.]\n"," [2. 2. 2. 2. 2. 2. 2. 2. 2. 2. 2. 2. 2. 2. 2. 2. 2. 2. 2. 2. 2. 2. 2. 2.\n","  2. 2. 2. 2. 2. 2. 2. 2. 2. 2. 2. 2. 2. 2. 2. 2. 2. 2. 2. 2. 2. 2. 2. 2.\n","  2. 2.]]\n","[[[0.2 0.2 0.2 0.2]\n","  [0.2 0.2 0.2 0.2]\n","  [0.2 0.2 0.2 0.2]\n","  [0.2 0.2 0.2 0.2]]\n","\n"," [[0.2 0.2 0.2 0.2]\n","  [0.2 0.2 0.2 0.2]\n","  [0.2 0.2 0.2 0.2]\n","  [0.2 0.2 0.2 0.2]]\n","\n"," [[0.2 0.2 0.2 0.2]\n","  [0.2 0.2 0.2 0.2]\n","  [0.2 0.2 0.2 0.2]\n","  [0.2 0.2 0.2 0.2]]\n","\n"," [[0.2 0.2 0.2 0.2]\n","  [0.2 0.2 0.2 0.2]\n","  [0.2 0.2 0.2 0.2]\n","  [0.2 0.2 0.2 0.2]]\n","\n"," [[0.2 0.2 0.2 0.2]\n","  [0.2 0.2 0.2 0.2]\n","  [0.2 0.2 0.2 0.2]\n","  [0.2 0.2 0.2 0.2]]\n","\n"," [[0.2 0.2 0.2 0.2]\n","  [0.2 0.2 0.2 0.2]\n","  [0.2 0.2 0.2 0.2]\n","  [0.2 0.2 0.2 0.2]]\n","\n"," [[0.2 0.2 0.2 0.2]\n","  [0.2 0.2 0.2 0.2]\n","  [0.2 0.2 0.2 0.2]\n","  [0.2 0.2 0.2 0.2]]\n","\n"," [[0.2 0.2 0.2 0.2]\n","  [0.2 0.2 0.2 0.2]\n","  [0.2 0.2 0.2 0.2]\n","  [0.2 0.2 0.2 0.2]]\n","\n"," [[0.2 0.2 0.2 0.2]\n","  [0.2 0.2 0.2 0.2]\n","  [0.2 0.2 0.2 0.2]\n","  [0.2 0.2 0.2 0.2]]\n","\n"," [[0.2 0.2 0.2 0.2]\n","  [0.2 0.2 0.2 0.2]\n","  [0.2 0.2 0.2 0.2]\n","  [0.2 0.2 0.2 0.2]]\n","\n"," [[0.2 0.2 0.2 0.2]\n","  [0.2 0.2 0.2 0.2]\n","  [0.2 0.2 0.2 0.2]\n","  [0.2 0.2 0.2 0.2]]\n","\n"," [[0.2 0.2 0.2 0.2]\n","  [0.2 0.2 0.2 0.2]\n","  [0.2 0.2 0.2 0.2]\n","  [0.2 0.2 0.2 0.2]]\n","\n"," [[0.2 0.2 0.2 0.2]\n","  [0.2 0.2 0.2 0.2]\n","  [0.2 0.2 0.2 0.2]\n","  [0.2 0.2 0.2 0.2]]\n","\n"," [[0.2 0.2 0.2 0.2]\n","  [0.2 0.2 0.2 0.2]\n","  [0.2 0.2 0.2 0.2]\n","  [0.2 0.2 0.2 0.2]]\n","\n"," [[0.2 0.2 0.2 0.2]\n","  [0.2 0.2 0.2 0.2]\n","  [0.2 0.2 0.2 0.2]\n","  [0.2 0.2 0.2 0.2]]\n","\n"," [[0.2 0.2 0.2 0.2]\n","  [0.2 0.2 0.2 0.2]\n","  [0.2 0.2 0.2 0.2]\n","  [0.2 0.2 0.2 0.2]]\n","\n"," [[0.2 0.2 0.2 0.2]\n","  [0.2 0.2 0.2 0.2]\n","  [0.2 0.2 0.2 0.2]\n","  [0.2 0.2 0.2 0.2]]\n","\n"," [[0.2 0.2 0.2 0.2]\n","  [0.2 0.2 0.2 0.2]\n","  [0.2 0.2 0.2 0.2]\n","  [0.2 0.2 0.2 0.2]]\n","\n"," [[0.2 0.2 0.2 0.2]\n","  [0.2 0.2 0.2 0.2]\n","  [0.2 0.2 0.2 0.2]\n","  [0.2 0.2 0.2 0.2]]\n","\n"," [[0.2 0.2 0.2 0.2]\n","  [0.2 0.2 0.2 0.2]\n","  [0.2 0.2 0.2 0.2]\n","  [0.2 0.2 0.2 0.2]]\n","\n"," [[0.2 0.2 0.2 0.2]\n","  [0.2 0.2 0.2 0.2]\n","  [0.2 0.2 0.2 0.2]\n","  [0.2 0.2 0.2 0.2]]\n","\n"," [[0.2 0.2 0.2 0.2]\n","  [0.2 0.2 0.2 0.2]\n","  [0.2 0.2 0.2 0.2]\n","  [0.2 0.2 0.2 0.2]]\n","\n"," [[0.2 0.2 0.2 0.2]\n","  [0.2 0.2 0.2 0.2]\n","  [0.2 0.2 0.2 0.2]\n","  [0.2 0.2 0.2 0.2]]\n","\n"," [[0.2 0.2 0.2 0.2]\n","  [0.2 0.2 0.2 0.2]\n","  [0.2 0.2 0.2 0.2]\n","  [0.2 0.2 0.2 0.2]]\n","\n"," [[0.2 0.2 0.2 0.2]\n","  [0.2 0.2 0.2 0.2]\n","  [0.2 0.2 0.2 0.2]\n","  [0.2 0.2 0.2 0.2]]\n","\n"," [[0.2 0.2 0.2 0.2]\n","  [0.2 0.2 0.2 0.2]\n","  [0.2 0.2 0.2 0.2]\n","  [0.2 0.2 0.2 0.2]]\n","\n"," [[0.2 0.2 0.2 0.2]\n","  [0.2 0.2 0.2 0.2]\n","  [0.2 0.2 0.2 0.2]\n","  [0.2 0.2 0.2 0.2]]\n","\n"," [[0.2 0.2 0.2 0.2]\n","  [0.2 0.2 0.2 0.2]\n","  [0.2 0.2 0.2 0.2]\n","  [0.2 0.2 0.2 0.2]]\n","\n"," [[0.2 0.2 0.2 0.2]\n","  [0.2 0.2 0.2 0.2]\n","  [0.2 0.2 0.2 0.2]\n","  [0.2 0.2 0.2 0.2]]\n","\n"," [[0.2 0.2 0.2 0.2]\n","  [0.2 0.2 0.2 0.2]\n","  [0.2 0.2 0.2 0.2]\n","  [0.2 0.2 0.2 0.2]]\n","\n"," [[0.2 0.2 0.2 0.2]\n","  [0.2 0.2 0.2 0.2]\n","  [0.2 0.2 0.2 0.2]\n","  [0.2 0.2 0.2 0.2]]\n","\n"," [[0.2 0.2 0.2 0.2]\n","  [0.2 0.2 0.2 0.2]\n","  [0.2 0.2 0.2 0.2]\n","  [0.2 0.2 0.2 0.2]]\n","\n"," [[0.2 0.2 0.2 0.2]\n","  [0.2 0.2 0.2 0.2]\n","  [0.2 0.2 0.2 0.2]\n","  [0.2 0.2 0.2 0.2]]\n","\n"," [[0.2 0.2 0.2 0.2]\n","  [0.2 0.2 0.2 0.2]\n","  [0.2 0.2 0.2 0.2]\n","  [0.2 0.2 0.2 0.2]]\n","\n"," [[0.2 0.2 0.2 0.2]\n","  [0.2 0.2 0.2 0.2]\n","  [0.2 0.2 0.2 0.2]\n","  [0.2 0.2 0.2 0.2]]\n","\n"," [[0.2 0.2 0.2 0.2]\n","  [0.2 0.2 0.2 0.2]\n","  [0.2 0.2 0.2 0.2]\n","  [0.2 0.2 0.2 0.2]]\n","\n"," [[0.2 0.2 0.2 0.2]\n","  [0.2 0.2 0.2 0.2]\n","  [0.2 0.2 0.2 0.2]\n","  [0.2 0.2 0.2 0.2]]\n","\n"," [[0.2 0.2 0.2 0.2]\n","  [0.2 0.2 0.2 0.2]\n","  [0.2 0.2 0.2 0.2]\n","  [0.2 0.2 0.2 0.2]]\n","\n"," [[0.2 0.2 0.2 0.2]\n","  [0.2 0.2 0.2 0.2]\n","  [0.2 0.2 0.2 0.2]\n","  [0.2 0.2 0.2 0.2]]\n","\n"," [[0.2 0.2 0.2 0.2]\n","  [0.2 0.2 0.2 0.2]\n","  [0.2 0.2 0.2 0.2]\n","  [0.2 0.2 0.2 0.2]]\n","\n"," [[0.2 0.2 0.2 0.2]\n","  [0.2 0.2 0.2 0.2]\n","  [0.2 0.2 0.2 0.2]\n","  [0.2 0.2 0.2 0.2]]\n","\n"," [[0.2 0.2 0.2 0.2]\n","  [0.2 0.2 0.2 0.2]\n","  [0.2 0.2 0.2 0.2]\n","  [0.2 0.2 0.2 0.2]]\n","\n"," [[0.2 0.2 0.2 0.2]\n","  [0.2 0.2 0.2 0.2]\n","  [0.2 0.2 0.2 0.2]\n","  [0.2 0.2 0.2 0.2]]\n","\n"," [[0.2 0.2 0.2 0.2]\n","  [0.2 0.2 0.2 0.2]\n","  [0.2 0.2 0.2 0.2]\n","  [0.2 0.2 0.2 0.2]]\n","\n"," [[0.2 0.2 0.2 0.2]\n","  [0.2 0.2 0.2 0.2]\n","  [0.2 0.2 0.2 0.2]\n","  [0.2 0.2 0.2 0.2]]\n","\n"," [[0.2 0.2 0.2 0.2]\n","  [0.2 0.2 0.2 0.2]\n","  [0.2 0.2 0.2 0.2]\n","  [0.2 0.2 0.2 0.2]]\n","\n"," [[0.2 0.2 0.2 0.2]\n","  [0.2 0.2 0.2 0.2]\n","  [0.2 0.2 0.2 0.2]\n","  [0.2 0.2 0.2 0.2]]\n","\n"," [[0.2 0.2 0.2 0.2]\n","  [0.2 0.2 0.2 0.2]\n","  [0.2 0.2 0.2 0.2]\n","  [0.2 0.2 0.2 0.2]]\n","\n"," [[0.2 0.2 0.2 0.2]\n","  [0.2 0.2 0.2 0.2]\n","  [0.2 0.2 0.2 0.2]\n","  [0.2 0.2 0.2 0.2]]\n","\n"," [[0.2 0.2 0.2 0.2]\n","  [0.2 0.2 0.2 0.2]\n","  [0.2 0.2 0.2 0.2]\n","  [0.2 0.2 0.2 0.2]]]\n","[[3. 3. 3. 3. 3. 3. 3. 3. 3. 3. 3. 3. 3. 3. 3. 3. 3. 3. 3. 3. 3. 3. 3. 3.\n","  3. 3. 3. 3. 3. 3. 3. 3. 3. 3. 3. 3. 3. 3. 3. 3. 3. 3. 3. 3. 3. 3. 3. 3.\n","  3. 3.]\n"," [3. 3. 3. 3. 3. 3. 3. 3. 3. 3. 3. 3. 3. 3. 3. 3. 3. 3. 3. 3. 3. 3. 3. 3.\n","  3. 3. 3. 3. 3. 3. 3. 3. 3. 3. 3. 3. 3. 3. 3. 3. 3. 3. 3. 3. 3. 3. 3. 3.\n","  3. 3.]\n"," [3. 3. 3. 3. 3. 3. 3. 3. 3. 3. 3. 3. 3. 3. 3. 3. 3. 3. 3. 3. 3. 3. 3. 3.\n","  3. 3. 3. 3. 3. 3. 3. 3. 3. 3. 3. 3. 3. 3. 3. 3. 3. 3. 3. 3. 3. 3. 3. 3.\n","  3. 3.]\n"," [3. 3. 3. 3. 3. 3. 3. 3. 3. 3. 3. 3. 3. 3. 3. 3. 3. 3. 3. 3. 3. 3. 3. 3.\n","  3. 3. 3. 3. 3. 3. 3. 3. 3. 3. 3. 3. 3. 3. 3. 3. 3. 3. 3. 3. 3. 3. 3. 3.\n","  3. 3.]\n"," [3. 3. 3. 3. 3. 3. 3. 3. 3. 3. 3. 3. 3. 3. 3. 3. 3. 3. 3. 3. 3. 3. 3. 3.\n","  3. 3. 3. 3. 3. 3. 3. 3. 3. 3. 3. 3. 3. 3. 3. 3. 3. 3. 3. 3. 3. 3. 3. 3.\n","  3. 3.]\n"," [3. 3. 3. 3. 3. 3. 3. 3. 3. 3. 3. 3. 3. 3. 3. 3. 3. 3. 3. 3. 3. 3. 3. 3.\n","  3. 3. 3. 3. 3. 3. 3. 3. 3. 3. 3. 3. 3. 3. 3. 3. 3. 3. 3. 3. 3. 3. 3. 3.\n","  3. 3.]\n"," [3. 3. 3. 3. 3. 3. 3. 3. 3. 3. 3. 3. 3. 3. 3. 3. 3. 3. 3. 3. 3. 3. 3. 3.\n","  3. 3. 3. 3. 3. 3. 3. 3. 3. 3. 3. 3. 3. 3. 3. 3. 3. 3. 3. 3. 3. 3. 3. 3.\n","  3. 3.]\n"," [3. 3. 3. 3. 3. 3. 3. 3. 3. 3. 3. 3. 3. 3. 3. 3. 3. 3. 3. 3. 3. 3. 3. 3.\n","  3. 3. 3. 3. 3. 3. 3. 3. 3. 3. 3. 3. 3. 3. 3. 3. 3. 3. 3. 3. 3. 3. 3. 3.\n","  3. 3.]\n"," [3. 3. 3. 3. 3. 3. 3. 3. 3. 3. 3. 3. 3. 3. 3. 3. 3. 3. 3. 3. 3. 3. 3. 3.\n","  3. 3. 3. 3. 3. 3. 3. 3. 3. 3. 3. 3. 3. 3. 3. 3. 3. 3. 3. 3. 3. 3. 3. 3.\n","  3. 3.]]\n","[[0.3 0.3 0.3 0.3 0.3 0.3 0.3 0.3 0.3]\n"," [0.3 0.3 0.3 0.3 0.3 0.3 0.3 0.3 0.3]\n"," [0.3 0.3 0.3 0.3 0.3 0.3 0.3 0.3 0.3]\n"," [0.3 0.3 0.3 0.3 0.3 0.3 0.3 0.3 0.3]\n"," [0.3 0.3 0.3 0.3 0.3 0.3 0.3 0.3 0.3]\n"," [0.3 0.3 0.3 0.3 0.3 0.3 0.3 0.3 0.3]\n"," [0.3 0.3 0.3 0.3 0.3 0.3 0.3 0.3 0.3]\n"," [0.3 0.3 0.3 0.3 0.3 0.3 0.3 0.3 0.3]\n"," [0.3 0.3 0.3 0.3 0.3 0.3 0.3 0.3 0.3]\n"," [0.3 0.3 0.3 0.3 0.3 0.3 0.3 0.3 0.3]\n"," [0.3 0.3 0.3 0.3 0.3 0.3 0.3 0.3 0.3]\n"," [0.3 0.3 0.3 0.3 0.3 0.3 0.3 0.3 0.3]\n"," [0.3 0.3 0.3 0.3 0.3 0.3 0.3 0.3 0.3]\n"," [0.3 0.3 0.3 0.3 0.3 0.3 0.3 0.3 0.3]\n"," [0.3 0.3 0.3 0.3 0.3 0.3 0.3 0.3 0.3]\n"," [0.3 0.3 0.3 0.3 0.3 0.3 0.3 0.3 0.3]\n"," [0.3 0.3 0.3 0.3 0.3 0.3 0.3 0.3 0.3]\n"," [0.3 0.3 0.3 0.3 0.3 0.3 0.3 0.3 0.3]\n"," [0.3 0.3 0.3 0.3 0.3 0.3 0.3 0.3 0.3]\n"," [0.3 0.3 0.3 0.3 0.3 0.3 0.3 0.3 0.3]\n"," [0.3 0.3 0.3 0.3 0.3 0.3 0.3 0.3 0.3]\n"," [0.3 0.3 0.3 0.3 0.3 0.3 0.3 0.3 0.3]\n"," [0.3 0.3 0.3 0.3 0.3 0.3 0.3 0.3 0.3]\n"," [0.3 0.3 0.3 0.3 0.3 0.3 0.3 0.3 0.3]\n"," [0.3 0.3 0.3 0.3 0.3 0.3 0.3 0.3 0.3]\n"," [0.3 0.3 0.3 0.3 0.3 0.3 0.3 0.3 0.3]\n"," [0.3 0.3 0.3 0.3 0.3 0.3 0.3 0.3 0.3]\n"," [0.3 0.3 0.3 0.3 0.3 0.3 0.3 0.3 0.3]\n"," [0.3 0.3 0.3 0.3 0.3 0.3 0.3 0.3 0.3]\n"," [0.3 0.3 0.3 0.3 0.3 0.3 0.3 0.3 0.3]\n"," [0.3 0.3 0.3 0.3 0.3 0.3 0.3 0.3 0.3]\n"," [0.3 0.3 0.3 0.3 0.3 0.3 0.3 0.3 0.3]\n"," [0.3 0.3 0.3 0.3 0.3 0.3 0.3 0.3 0.3]\n"," [0.3 0.3 0.3 0.3 0.3 0.3 0.3 0.3 0.3]\n"," [0.3 0.3 0.3 0.3 0.3 0.3 0.3 0.3 0.3]\n"," [0.3 0.3 0.3 0.3 0.3 0.3 0.3 0.3 0.3]\n"," [0.3 0.3 0.3 0.3 0.3 0.3 0.3 0.3 0.3]\n"," [0.3 0.3 0.3 0.3 0.3 0.3 0.3 0.3 0.3]\n"," [0.3 0.3 0.3 0.3 0.3 0.3 0.3 0.3 0.3]\n"," [0.3 0.3 0.3 0.3 0.3 0.3 0.3 0.3 0.3]\n"," [0.3 0.3 0.3 0.3 0.3 0.3 0.3 0.3 0.3]\n"," [0.3 0.3 0.3 0.3 0.3 0.3 0.3 0.3 0.3]\n"," [0.3 0.3 0.3 0.3 0.3 0.3 0.3 0.3 0.3]\n"," [0.3 0.3 0.3 0.3 0.3 0.3 0.3 0.3 0.3]\n"," [0.3 0.3 0.3 0.3 0.3 0.3 0.3 0.3 0.3]\n"," [0.3 0.3 0.3 0.3 0.3 0.3 0.3 0.3 0.3]\n"," [0.3 0.3 0.3 0.3 0.3 0.3 0.3 0.3 0.3]\n"," [0.3 0.3 0.3 0.3 0.3 0.3 0.3 0.3 0.3]\n"," [0.3 0.3 0.3 0.3 0.3 0.3 0.3 0.3 0.3]\n"," [0.3 0.3 0.3 0.3 0.3 0.3 0.3 0.3 0.3]]\n","(50, 9)\n","GLLiM dimensions are (L=4, D=9, K=50)\n"]}],"source":["Pi = np.ones(K) * 1 / K\n","A = np.ones((D, L, K))\n","C = np.ones((L, K)) * 2\n","Gamma = np.ones((K,L, L)) * 0.2\n","B = np.ones((D, K)) * 3\n","Sigma = np.ones((K,D, D)) * 0.3\n","print(Gamma.shape)\n","gllim.setParamPi(Pi)\n","gllim.setParamA(A)\n","gllim.setParamC(C)\n","gllim.setParamGamma(Gamma)\n","gllim.setParamB(B)\n","gllim.setParamSigma(np.array(Sigma[:,:,0]))\n","\n","theta = gllim.getParams()\n","print(theta.Pi)\n","print(theta.A)\n","print(theta.C)\n","print(theta.Gamma)\n","print(theta.B)\n","print(theta.Sigma)\n","print(theta.Sigma.shape)\n","print(gllim.getDimensions())"]},{"cell_type":"code","execution_count":9,"metadata":{},"outputs":[{"name":"stdout","output_type":"stream","text":["GLLiM dimensions are (L=4, D=9, K=50)\n","GLLiM dimensions are (L=4, D=9, K=50)\n"]}],"source":["print(gllim.getDimensions())\n","gllim.getParams()\n","print(gllim.getDimensions())"]},{"cell_type":"code","execution_count":10,"metadata":{},"outputs":[{"name":"stdout","output_type":"stream","text":["<class 'newkernelo._GLLiMParameters_full_diag'>\n","GLLiM dimensions are (L=4, D=9, K=50)\n","GLLiM dimensions are (L=4, D=9, K=50)\n","[[0.02 0.02 0.02 0.02 0.02 0.02 0.02 0.02 0.02 0.02 0.02 0.02 0.02 0.02\n","  0.02 0.02 0.02 0.02 0.02 0.02 0.02 0.02 0.02 0.02 0.02 0.02 0.02 0.02\n","  0.02 0.02 0.02 0.02 0.02 0.02 0.02 0.02 0.02 0.02 0.02 0.02 0.02 0.02\n","  0.02 0.02 0.02 0.02 0.02 0.02 0.02 0.02]]\n","[[[3. 3. 3. ... 3. 3. 3.]\n","  [3. 3. 3. ... 3. 3. 3.]\n","  [3. 3. 3. ... 3. 3. 3.]\n","  [3. 3. 3. ... 3. 3. 3.]]\n","\n"," [[3. 3. 3. ... 3. 3. 3.]\n","  [3. 3. 3. ... 3. 3. 3.]\n","  [3. 3. 3. ... 3. 3. 3.]\n","  [3. 3. 3. ... 3. 3. 3.]]\n","\n"," [[3. 3. 3. ... 3. 3. 3.]\n","  [3. 3. 3. ... 3. 3. 3.]\n","  [3. 3. 3. ... 3. 3. 3.]\n","  [3. 3. 3. ... 3. 3. 3.]]\n","\n"," ...\n","\n"," [[3. 3. 3. ... 3. 3. 3.]\n","  [3. 3. 3. ... 3. 3. 3.]\n","  [3. 3. 3. ... 3. 3. 3.]\n","  [3. 3. 3. ... 3. 3. 3.]]\n","\n"," [[3. 3. 3. ... 3. 3. 3.]\n","  [3. 3. 3. ... 3. 3. 3.]\n","  [3. 3. 3. ... 3. 3. 3.]\n","  [3. 3. 3. ... 3. 3. 3.]]\n","\n"," [[3. 3. 3. ... 3. 3. 3.]\n","  [3. 3. 3. ... 3. 3. 3.]\n","  [3. 3. 3. ... 3. 3. 3.]\n","  [3. 3. 3. ... 3. 3. 3.]]]\n","[[4. 4. 4. 4. 4. 4. 4. 4. 4. 4. 4. 4. 4. 4. 4. 4. 4. 4. 4. 4. 4. 4. 4. 4.\n","  4. 4. 4. 4. 4. 4. 4. 4. 4. 4. 4. 4. 4. 4. 4. 4. 4. 4. 4. 4. 4. 4. 4. 4.\n","  4. 4.]\n"," [4. 4. 4. 4. 4. 4. 4. 4. 4. 4. 4. 4. 4. 4. 4. 4. 4. 4. 4. 4. 4. 4. 4. 4.\n","  4. 4. 4. 4. 4. 4. 4. 4. 4. 4. 4. 4. 4. 4. 4. 4. 4. 4. 4. 4. 4. 4. 4. 4.\n","  4. 4.]\n"," [4. 4. 4. 4. 4. 4. 4. 4. 4. 4. 4. 4. 4. 4. 4. 4. 4. 4. 4. 4. 4. 4. 4. 4.\n","  4. 4. 4. 4. 4. 4. 4. 4. 4. 4. 4. 4. 4. 4. 4. 4. 4. 4. 4. 4. 4. 4. 4. 4.\n","  4. 4.]\n"," [4. 4. 4. 4. 4. 4. 4. 4. 4. 4. 4. 4. 4. 4. 4. 4. 4. 4. 4. 4. 4. 4. 4. 4.\n","  4. 4. 4. 4. 4. 4. 4. 4. 4. 4. 4. 4. 4. 4. 4. 4. 4. 4. 4. 4. 4. 4. 4. 4.\n","  4. 4.]]\n","[[[0.00481997 0.00478514 0.0046748  0.00468088]\n","  [0.00478514 0.00476701 0.00464394 0.00464401]\n","  [0.0046748  0.00464394 0.00454099 0.0045366 ]\n","  [0.00468088 0.00464401 0.0045366  0.00455316]]\n","\n"," [[0.00457288 0.00452171 0.00474932 0.00458385]\n","  [0.00452171 0.00449319 0.00470593 0.00455335]\n","  [0.00474932 0.00470593 0.0049586  0.00477753]\n","  [0.00458385 0.00455335 0.00477753 0.00462385]]\n","\n"," [[0.00464231 0.00470676 0.00472884 0.00454091]\n","  [0.00470676 0.00480459 0.00480842 0.00461145]\n","  [0.00472884 0.00480842 0.00483137 0.00463067]\n","  [0.00454091 0.00461145 0.00463067 0.00445036]]\n","\n"," [[0.00475913 0.00469069 0.00471864 0.00478906]\n","  [0.00469069 0.00465552 0.00466106 0.0047206 ]\n","  [0.00471864 0.00466106 0.0047116  0.00476811]\n","  [0.00478906 0.0047206  0.00476811 0.004843  ]]\n","\n"," [[0.00467249 0.0046016  0.00465284 0.00463329]\n","  [0.0046016  0.00453629 0.00458521 0.00456584]\n","  [0.00465284 0.00458521 0.00465614 0.00462718]\n","  [0.00463329 0.00456584 0.00462718 0.00461087]]\n","\n"," [[0.00468635 0.00460767 0.00470433 0.00471377]\n","  [0.00460767 0.00456486 0.00463678 0.00465993]\n","  [0.00470433 0.00463678 0.00474838 0.00475023]\n","  [0.00471377 0.00465993 0.00475023 0.00479028]]\n","\n"," [[0.00439848 0.00454523 0.00452787 0.00439112]\n","  [0.00454523 0.00471779 0.00469962 0.00455058]\n","  [0.00452787 0.00469962 0.00469447 0.00454225]\n","  [0.00439112 0.00455058 0.00454225 0.0044173 ]]\n","\n"," [[0.00478807 0.00462499 0.00481736 0.00476641]\n","  [0.00462499 0.00449297 0.00467379 0.00461695]\n","  [0.00481736 0.00467379 0.00488262 0.00481498]\n","  [0.00476641 0.00461695 0.00481498 0.00475845]]\n","\n"," [[0.00457136 0.00460598 0.00468536 0.00451802]\n","  [0.00460598 0.00465647 0.00473583 0.00457085]\n","  [0.00468536 0.00473583 0.0048256  0.0046471 ]\n","  [0.00451802 0.00457085 0.0046471  0.00450878]]\n","\n"," [[0.00428626 0.00448822 0.00439402 0.00431508]\n","  [0.00448822 0.00472042 0.0046085  0.00452574]\n","  [0.00439402 0.0046085  0.00452055 0.00443049]\n","  [0.00431508 0.00452574 0.00443049 0.00435746]]\n","\n"," [[0.00459239 0.00460386 0.00466254 0.00458818]\n","  [0.00460386 0.00463029 0.00467896 0.00460201]\n","  [0.00466254 0.00467896 0.0047418  0.00465272]\n","  [0.00458818 0.00460201 0.00465272 0.00459234]]\n","\n"," [[0.00457069 0.00455346 0.00449968 0.00472515]\n","  [0.00455346 0.00456365 0.00449591 0.004725  ]\n","  [0.00449968 0.00449591 0.00445734 0.00466517]\n","  [0.00472515 0.004725   0.00466517 0.00492303]]\n","\n"," [[0.00466629 0.00468735 0.00470857 0.00464191]\n","  [0.00468735 0.00472199 0.00473927 0.00466853]\n","  [0.00470857 0.00473927 0.00477231 0.00469577]\n","  [0.00464191 0.00466853 0.00469577 0.00464939]]\n","\n"," [[0.00464552 0.0045811  0.00455472 0.00461009]\n","  [0.0045811  0.00455999 0.00451479 0.00457598]\n","  [0.00455472 0.00451479 0.00449291 0.00453185]\n","  [0.00461009 0.00457598 0.00453185 0.00461275]]\n","\n"," [[0.0046597  0.00464978 0.0046664  0.00470798]\n","  [0.00464978 0.00468886 0.00466473 0.00472046]\n","  [0.0046664  0.00466473 0.00469076 0.00472944]\n","  [0.00470798 0.00472046 0.00472944 0.00479488]]\n","\n"," [[0.00449784 0.00460771 0.00452951 0.00454302]\n","  [0.00460771 0.00477172 0.00466966 0.00466981]\n","  [0.00452951 0.00466966 0.00459725 0.00459193]\n","  [0.00454302 0.00466981 0.00459193 0.00461128]]\n","\n"," [[0.0047244  0.00460676 0.00474835 0.0046194 ]\n","  [0.00460676 0.00452749 0.00464734 0.0045101 ]\n","  [0.00474835 0.00464734 0.0047977  0.00464918]\n","  [0.0046194  0.0045101  0.00464918 0.00452536]]\n","\n"," [[0.00470826 0.00471687 0.00452897 0.00475354]\n","  [0.00471687 0.00473631 0.0045447  0.00477138]\n","  [0.00452897 0.0045447  0.00437662 0.00458325]\n","  [0.00475354 0.00477138 0.00458325 0.00482707]]\n","\n"," [[0.00468691 0.00461319 0.00451911 0.00456964]\n","  [0.00461319 0.00459493 0.00448153 0.0045228 ]\n","  [0.00451911 0.00448153 0.00439457 0.00443371]\n","  [0.00456964 0.0045228  0.00443371 0.00448446]]\n","\n"," [[0.00462974 0.00449777 0.00459181 0.0045636 ]\n","  [0.00449777 0.00438086 0.00446401 0.00445207]\n","  [0.00459181 0.00446401 0.00456039 0.00454013]\n","  [0.0045636  0.00445207 0.00454013 0.00455584]]\n","\n"," [[0.00479696 0.00466249 0.00471499 0.00457921]\n","  [0.00466249 0.00457034 0.0045956  0.00447005]\n","  [0.00471499 0.0045956  0.00465582 0.00451708]\n","  [0.00457921 0.00447005 0.00451708 0.00439509]]\n","\n"," [[0.00458782 0.00454697 0.00452529 0.00458163]\n","  [0.00454697 0.00455177 0.0045088  0.00456731]\n","  [0.00452529 0.0045088  0.00449815 0.00454424]\n","  [0.00458163 0.00456731 0.00454424 0.0046025 ]]\n","\n"," [[0.00447869 0.00457603 0.00448513 0.00465697]\n","  [0.00457603 0.0047125  0.00459231 0.00477616]\n","  [0.00448513 0.00459231 0.00451479 0.00466215]\n","  [0.00465697 0.00477616 0.00466215 0.00486332]]\n","\n"," [[0.00462189 0.0046768  0.00468719 0.00449992]\n","  [0.0046768  0.0047577  0.00476302 0.0045729 ]\n","  [0.00468719 0.00476302 0.00477935 0.00457496]\n","  [0.00449992 0.0045729  0.00457496 0.00441723]]\n","\n"," [[0.00459596 0.00455494 0.00463398 0.00465404]\n","  [0.00455494 0.00453547 0.00460254 0.00463122]\n","  [0.00463398 0.00460254 0.00469119 0.00470704]\n","  [0.00465404 0.00463122 0.00470704 0.00475442]]\n","\n"," [[0.00459535 0.00458944 0.00462539 0.00467167]\n","  [0.00458944 0.00461575 0.00461933 0.00468278]\n","  [0.00462539 0.00461933 0.00467274 0.0047053 ]\n","  [0.00467167 0.00468278 0.0047053  0.00477328]]\n","\n"," [[0.00465233 0.00453984 0.0045111  0.00468961]\n","  [0.00453984 0.0044514  0.00441563 0.00457939]\n","  [0.0045111  0.00441563 0.00439753 0.00455444]\n","  [0.00468961 0.00457939 0.00455444 0.00474131]]\n","\n"," [[0.00451792 0.00467055 0.0044923  0.00457975]\n","  [0.00467055 0.00486184 0.00464979 0.00475794]\n","  [0.0044923  0.00464979 0.00448293 0.0045656 ]\n","  [0.00457975 0.00475794 0.0045656  0.00467754]]\n","\n"," [[0.00476159 0.00462862 0.00469509 0.00471009]\n","  [0.00462862 0.00452552 0.0045663  0.00459573]\n","  [0.00469509 0.0045663  0.00464965 0.00466032]\n","  [0.00471009 0.00459573 0.00466032 0.00470348]]\n","\n"," [[0.00450417 0.00451372 0.00458496 0.00464241]\n","  [0.00451372 0.00454418 0.0046024  0.00465462]\n","  [0.00458496 0.0046024  0.00467666 0.00472793]\n","  [0.00464241 0.00465462 0.00472793 0.0047916 ]]\n","\n"," [[0.00451467 0.00456005 0.00454054 0.00451813]\n","  [0.00456005 0.00463482 0.00459254 0.00456735]\n","  [0.00454054 0.00459254 0.00458215 0.00454263]\n","  [0.00451813 0.00456735 0.00454263 0.00453859]]\n","\n"," [[0.00465304 0.00466273 0.00466807 0.00462036]\n","  [0.00466273 0.00470786 0.00468918 0.00463751]\n","  [0.00466807 0.00468918 0.00469915 0.00463072]\n","  [0.00462036 0.00463751 0.00463072 0.00459639]]\n","\n"," [[0.00464753 0.00456532 0.00461748 0.00455439]\n","  [0.00456532 0.00450658 0.00455802 0.00448689]\n","  [0.00461748 0.00455802 0.00462738 0.00453394]\n","  [0.00455439 0.00448689 0.00453394 0.00448379]]\n","\n"," [[0.00478842 0.00472936 0.00470783 0.00462111]\n","  [0.00472936 0.00472976 0.00467476 0.00458221]\n","  [0.00470783 0.00467476 0.00464185 0.0045484 ]\n","  [0.00462111 0.00458221 0.0045484  0.00447551]]\n","\n"," [[0.00453588 0.00446968 0.00468415 0.00461404]\n","  [0.00446968 0.0044083  0.00462094 0.00454963]\n","  [0.00468415 0.00462094 0.00487011 0.0047805 ]\n","  [0.00461404 0.00454963 0.0047805  0.00470894]]\n","\n"," [[0.00469743 0.00470849 0.00463684 0.00466418]\n","  [0.00470849 0.00475041 0.00466659 0.0046836 ]\n","  [0.00463684 0.00466659 0.00461015 0.00462989]\n","  [0.00466418 0.0046836  0.00462989 0.00467256]]\n","\n"," [[0.00478519 0.00469179 0.00467578 0.00468017]\n","  [0.00469179 0.00463508 0.00458829 0.00460834]\n","  [0.00467578 0.00458829 0.00458168 0.00458874]\n","  [0.00468017 0.00460834 0.00458874 0.00460688]]\n","\n"," [[0.00471033 0.00473711 0.00464823 0.00465875]\n","  [0.00473711 0.0047895  0.00469343 0.00470195]\n","  [0.00464823 0.00469343 0.00462636 0.00461716]\n","  [0.00465875 0.00470195 0.00461716 0.0046268 ]]\n","\n"," [[0.00475646 0.00463927 0.00470211 0.0046813 ]\n","  [0.00463927 0.00455537 0.00459919 0.00456626]\n","  [0.00470211 0.00459919 0.00466039 0.00463317]\n","  [0.0046813  0.00456626 0.00463317 0.00463792]]\n","\n"," [[0.00477844 0.0047254  0.00471428 0.00466807]\n","  [0.0047254  0.00472418 0.00470111 0.00462239]\n","  [0.00471428 0.00470111 0.0046982  0.0046187 ]\n","  [0.00466807 0.00462239 0.0046187  0.00457423]]\n","\n"," [[0.0046952  0.00469964 0.00467575 0.00474261]\n","  [0.00469964 0.00474345 0.00470141 0.00475726]\n","  [0.00467575 0.00470141 0.00467751 0.00473958]\n","  [0.00474261 0.00475726 0.00473958 0.00481394]]\n","\n"," [[0.00462012 0.00462034 0.00457602 0.00468006]\n","  [0.00462034 0.00463207 0.00456376 0.00467573]\n","  [0.00457602 0.00456376 0.00455828 0.0046389 ]\n","  [0.00468006 0.00467573 0.0046389  0.00474627]]\n","\n"," [[0.00470432 0.00468557 0.00469025 0.00465567]\n","  [0.00468557 0.00470006 0.00468967 0.00465448]\n","  [0.00469025 0.00468967 0.00472191 0.00466354]\n","  [0.00465567 0.00465448 0.00466354 0.00463434]]\n","\n"," [[0.00468029 0.0045918  0.00462823 0.00466068]\n","  [0.0045918  0.00451591 0.00454752 0.00457712]\n","  [0.00462823 0.00454752 0.00459465 0.00462092]\n","  [0.00466068 0.00457712 0.00462092 0.00465251]]\n","\n"," [[0.00446356 0.00453927 0.0045307  0.00456486]\n","  [0.00453927 0.00463947 0.00461857 0.00465395]\n","  [0.0045307  0.00461857 0.00463306 0.00465264]\n","  [0.00456486 0.00465395 0.00465264 0.0046991 ]]\n","\n"," [[0.00462721 0.00457909 0.00454912 0.00457675]\n","  [0.00457909 0.00455613 0.00451229 0.00454329]\n","  [0.00454912 0.00451229 0.00450051 0.00451622]\n","  [0.00457675 0.00454329 0.00451622 0.00454265]]\n","\n"," [[0.00455461 0.00453206 0.00452963 0.00442801]\n","  [0.00453206 0.00452348 0.00451774 0.00441283]\n","  [0.00452963 0.00451774 0.0045251  0.00441613]\n","  [0.00442801 0.00441283 0.00441613 0.00432804]]\n","\n"," [[0.00476358 0.00465625 0.00465193 0.00458588]\n","  [0.00465625 0.00455501 0.00454818 0.00448809]\n","  [0.00465193 0.00454818 0.00455056 0.00447924]\n","  [0.00458588 0.00448809 0.00447924 0.00443115]]\n","\n"," [[0.00472888 0.00470656 0.00472005 0.0046774 ]\n","  [0.00470656 0.00470086 0.00471632 0.00467613]\n","  [0.00472005 0.00471632 0.00474081 0.00469798]\n","  [0.0046774  0.00467613 0.00469798 0.00467412]]\n","\n"," [[0.0045461  0.00452702 0.00456094 0.00448175]\n","  [0.00452702 0.00451336 0.00453383 0.00446366]\n","  [0.00456094 0.00453383 0.00460474 0.00449696]\n","  [0.00448175 0.00446366 0.00449696 0.0044334 ]]]\n","[[6. 6. 6. 6. 6. 6. 6. 6. 6. 6. 6. 6. 6. 6. 6. 6. 6. 6. 6. 6. 6. 6. 6. 6.\n","  6. 6. 6. 6. 6. 6. 6. 6. 6. 6. 6. 6. 6. 6. 6. 6. 6. 6. 6. 6. 6. 6. 6. 6.\n","  6. 6.]\n"," [6. 6. 6. 6. 6. 6. 6. 6. 6. 6. 6. 6. 6. 6. 6. 6. 6. 6. 6. 6. 6. 6. 6. 6.\n","  6. 6. 6. 6. 6. 6. 6. 6. 6. 6. 6. 6. 6. 6. 6. 6. 6. 6. 6. 6. 6. 6. 6. 6.\n","  6. 6.]\n"," [6. 6. 6. 6. 6. 6. 6. 6. 6. 6. 6. 6. 6. 6. 6. 6. 6. 6. 6. 6. 6. 6. 6. 6.\n","  6. 6. 6. 6. 6. 6. 6. 6. 6. 6. 6. 6. 6. 6. 6. 6. 6. 6. 6. 6. 6. 6. 6. 6.\n","  6. 6.]\n"," [6. 6. 6. 6. 6. 6. 6. 6. 6. 6. 6. 6. 6. 6. 6. 6. 6. 6. 6. 6. 6. 6. 6. 6.\n","  6. 6. 6. 6. 6. 6. 6. 6. 6. 6. 6. 6. 6. 6. 6. 6. 6. 6. 6. 6. 6. 6. 6. 6.\n","  6. 6.]\n"," [6. 6. 6. 6. 6. 6. 6. 6. 6. 6. 6. 6. 6. 6. 6. 6. 6. 6. 6. 6. 6. 6. 6. 6.\n","  6. 6. 6. 6. 6. 6. 6. 6. 6. 6. 6. 6. 6. 6. 6. 6. 6. 6. 6. 6. 6. 6. 6. 6.\n","  6. 6.]\n"," [6. 6. 6. 6. 6. 6. 6. 6. 6. 6. 6. 6. 6. 6. 6. 6. 6. 6. 6. 6. 6. 6. 6. 6.\n","  6. 6. 6. 6. 6. 6. 6. 6. 6. 6. 6. 6. 6. 6. 6. 6. 6. 6. 6. 6. 6. 6. 6. 6.\n","  6. 6.]\n"," [6. 6. 6. 6. 6. 6. 6. 6. 6. 6. 6. 6. 6. 6. 6. 6. 6. 6. 6. 6. 6. 6. 6. 6.\n","  6. 6. 6. 6. 6. 6. 6. 6. 6. 6. 6. 6. 6. 6. 6. 6. 6. 6. 6. 6. 6. 6. 6. 6.\n","  6. 6.]\n"," [6. 6. 6. 6. 6. 6. 6. 6. 6. 6. 6. 6. 6. 6. 6. 6. 6. 6. 6. 6. 6. 6. 6. 6.\n","  6. 6. 6. 6. 6. 6. 6. 6. 6. 6. 6. 6. 6. 6. 6. 6. 6. 6. 6. 6. 6. 6. 6. 6.\n","  6. 6.]\n"," [6. 6. 6. 6. 6. 6. 6. 6. 6. 6. 6. 6. 6. 6. 6. 6. 6. 6. 6. 6. 6. 6. 6. 6.\n","  6. 6. 6. 6. 6. 6. 6. 6. 6. 6. 6. 6. 6. 6. 6. 6. 6. 6. 6. 6. 6. 6. 6. 6.\n","  6. 6.]]\n","[[1.03927469 1.0634205  1.07507573 1.04945458 1.05818844 1.01068001\n","  1.09806932 1.01039407 1.06247876]\n"," [1.03395888 1.0761232  1.0134309  1.00353832 1.06227134 1.05686433\n","  1.06444654 1.05832716 1.0181188 ]\n"," [1.03367867 1.0633127  1.08565576 1.08651864 1.07263131 1.07147393\n","  1.02350435 1.05407312 1.07092941]\n"," [1.06018955 1.02713421 1.01965888 1.01055277 1.05159257 1.0252319\n","  1.09977888 1.00170747 1.08777502]\n"," [1.0596244  1.01455266 1.08039929 1.09827244 1.04561078 1.01966369\n","  1.04602593 1.03943527 1.02019607]\n"," [1.09405034 1.08559082 1.00914158 1.09654452 1.07854393 1.05239424\n","  1.09996682 1.02344056 1.07429009]\n"," [1.0151459  1.04259951 1.03591739 1.07055632 1.01855931 1.06380554\n","  1.0211215  1.07843753 1.05324381]\n"," [1.0738229  1.06234053 1.03214161 1.09162359 1.08821642 1.05588821\n","  1.03934124 1.0867284  1.00632711]\n"," [1.0736684  1.00242168 1.0750498  1.01814167 1.09790904 1.03540716\n","  1.00417303 1.0370182  1.09811059]\n"," [1.06749304 1.01486143 1.01428887 1.00694796 1.03432363 1.01770603\n","  1.03570993 1.04818423 1.05090324]\n"," [1.01785514 1.02468684 1.09300143 1.00792233 1.043705   1.03289729\n","  1.01388656 1.07551705 1.04831415]\n"," [1.06876721 1.01202867 1.09407705 1.05051619 1.01747424 1.06406146\n","  1.04377488 1.0285815  1.02065405]\n"," [1.00372    1.08763776 1.04826111 1.0058451  1.019765   1.01635436\n","  1.0372588  1.00290615 1.04536624]\n"," [1.00035772 1.0641801  1.07132735 1.08125581 1.02652384 1.06010905\n","  1.05097126 1.08869158 1.02700988]\n"," [1.0667088  1.00225779 1.06596694 1.0893009  1.05852318 1.00184366\n","  1.02592831 1.0088052  1.01958618]\n"," [1.00110843 1.09967883 1.0418206  1.03622638 1.07657252 1.04835737\n","  1.08380522 1.07176646 1.06335614]\n"," [1.08428761 1.09520559 1.09782658 1.0199455  1.00708829 1.07396439\n","  1.0396949  1.06122923 1.09759594]\n"," [1.09101141 1.02019917 1.03929655 1.04264148 1.04363515 1.00496292\n","  1.00779694 1.09080054 1.07765017]\n"," [1.03432306 1.00820905 1.01114908 1.07297153 1.04270172 1.02958248\n","  1.05128571 1.04763546 1.03576078]\n"," [1.05752401 1.02414154 1.06620007 1.09907822 1.00556962 1.01547026\n","  1.04436468 1.0256674  1.09983799]\n"," [1.08063343 1.05483331 1.05907443 1.08573114 1.06206466 1.00777949\n","  1.08429533 1.08943897 1.01291765]\n"," [1.06763044 1.08790221 1.07633538 1.03009151 1.06051564 1.09585234\n","  1.08886553 1.07646476 1.05285906]\n"," [1.06353533 1.06223855 1.08690265 1.08369611 1.02105634 1.08780795\n","  1.08351988 1.03750862 1.06249098]\n"," [1.07580047 1.07461646 1.03890669 1.06166144 1.00516548 1.03040991\n","  1.06180529 1.04418524 1.02449486]\n"," [1.04903814 1.01885057 1.04274884 1.00138928 1.05446258 1.09638069\n","  1.07702713 1.009935   1.01221296]\n"," [1.07473215 1.07553441 1.0808665  1.07948965 1.00353372 1.01303386\n","  1.03319504 1.08360855 1.02212668]\n"," [1.08476441 1.08603554 1.06851306 1.07686191 1.03517594 1.00736332\n","  1.06499809 1.0704422  1.09722252]\n"," [1.00076272 1.06694158 1.06331409 1.08778553 1.00147796 1.0242264\n","  1.06846017 1.03450905 1.01860245]\n"," [1.05460727 1.06404691 1.06033928 1.07917464 1.05695042 1.08668919\n","  1.00994487 1.09469605 1.08853961]\n"," [1.08114558 1.08599422 1.02153439 1.05830033 1.08988029 1.00139474\n","  1.00757496 1.0172876  1.08654903]\n"," [1.07364496 1.03807996 1.02524232 1.05658846 1.06025404 1.0112616\n","  1.04742985 1.00049914 1.06902594]\n"," [1.08502726 1.0486524  1.07294167 1.0279194  1.03540419 1.02165871\n","  1.09333048 1.09480151 1.0393497 ]\n"," [1.03520195 1.09278393 1.0894159  1.09693062 1.04830769 1.08745896\n","  1.08638683 1.03457999 1.00385582]\n"," [1.03452928 1.07273054 1.06351721 1.09553521 1.03876991 1.0619646\n","  1.0726082  1.08826543 1.06423274]\n"," [1.0033968  1.00086102 1.03921121 1.01510369 1.09074033 1.04107029\n","  1.0309088  1.06438794 1.09810939]\n"," [1.07050189 1.05767779 1.07498834 1.06398265 1.05852422 1.0757341\n","  1.00116014 1.09323242 1.06767334]\n"," [1.01798593 1.01933975 1.06856341 1.0350438  1.04253081 1.06335325\n","  1.09893556 1.07367261 1.09021537]\n"," [1.07378854 1.00748871 1.03347222 1.03860208 1.07883542 1.0023143\n","  1.01017366 1.0967885  1.04291192]\n"," [1.09693022 1.07304454 1.00275306 1.06970749 1.09038663 1.08113724\n","  1.0424388  1.01360247 1.08732019]\n"," [1.08910436 1.03333874 1.01078668 1.04849583 1.01103764 1.03692379\n","  1.06320429 1.09322182 1.08947987]\n"," [1.053493   1.0900889  1.02572458 1.01814141 1.03077995 1.01061551\n","  1.02949609 1.02562987 1.06286636]\n"," [1.01974568 1.01454815 1.00902032 1.05295904 1.01506869 1.0008799\n","  1.03642752 1.04227569 1.04391142]\n"," [1.08560678 1.07634908 1.03898513 1.07879298 1.05969712 1.08132578\n","  1.0489366  1.03656859 1.03192615]\n"," [1.07422795 1.07305272 1.03701427 1.0153252  1.04330002 1.0011876\n","  1.01246898 1.04658229 1.02279752]\n"," [1.0778651  1.00555825 1.06339821 1.06217921 1.01177109 1.06414145\n","  1.01139544 1.03258276 1.07662185]\n"," [1.01647393 1.03780098 1.09714899 1.06282646 1.02737878 1.09958788\n","  1.09042844 1.0676387  1.03621718]\n"," [1.01297402 1.08051546 1.00204572 1.08252115 1.00338363 1.022976\n","  1.06159403 1.04940461 1.06137631]\n"," [1.07878457 1.02061391 1.08442177 1.07522907 1.08293459 1.06038329\n","  1.0118106  1.02640849 1.03208376]\n"," [1.03657768 1.03594788 1.03018607 1.03954033 1.06218611 1.02247385\n","  1.07026536 1.08256521 1.09829578]\n"," [1.08313255 1.03235993 1.087262   1.02115527 1.07107497 1.04545221\n","  1.03274558 1.06123351 1.08560854]]\n"]}],"source":["new_theta = lib.GLLiMParameters(K,D,L, \"full\", \"diag\")\n","print(type(new_theta))\n","\n","Gamma = np.ones((K,L,L)) + np.random.rand(K,L,L) * 0.1\n","Sigma = np.ones((K,D)) + np.random.rand(K,D) * 0.1\n","for k in range(K):\n","    Gamma[k] += np.eye(L) * 0.1\n","    Gamma[k] = np.dot(Gamma[k], Gamma[k].T) * 0.001\n","    # Sigma[k] += np.eye(D) * 0.1\n","    # Sigma[k] = np.dot(Sigma[k], Sigma[k].T) * 0.001\n","new_theta.Pi = Pi\n","new_theta.A = A * 3\n","new_theta.C = C * 2\n","new_theta.Gamma = Gamma\n","new_theta.B = B * 2\n","new_theta.Sigma = Sigma\n","print(gllim.getDimensions())\n","gllim.setParams(new_theta)\n","print(gllim.getDimensions()) # TODO ERROR GLLiM<TGamma,TSigma> dimensions are (L=4000838736, D=32766, K=4000837888)\n","theta = gllim.getParams()\n","print(theta.Pi)\n","print(theta.A)\n","print(theta.C)\n","print(theta.Gamma)\n","print(theta.B)\n","print(theta.Sigma)"]},{"cell_type":"code","execution_count":11,"metadata":{},"outputs":[{"name":"stdout","output_type":"stream","text":["[[0.02 0.02 0.02 0.02 0.02 0.02 0.02 0.02 0.02 0.02 0.02 0.02 0.02 0.02\n","  0.02 0.02 0.02 0.02 0.02 0.02 0.02 0.02 0.02 0.02 0.02 0.02 0.02 0.02\n","  0.02 0.02 0.02 0.02 0.02 0.02 0.02 0.02 0.02 0.02 0.02 0.02 0.02 0.02\n","  0.02 0.02 0.02 0.02 0.02 0.02 0.02 0.02]]\n","[[[0.00810951 0.00788183 0.00806074 ... 0.00782451 0.00802758 0.00767968]\n","  [0.00792537 0.00757301 0.00783609 ... 0.00827048 0.00803246 0.00805738]\n","  [0.00783945 0.00804149 0.00767482 ... 0.00778384 0.00807739 0.00765052]\n","  ...\n","  [0.00767529 0.00765608 0.00814087 ... 0.00834243 0.00777491 0.00805437]\n","  [0.00834131 0.00770035 0.00790478 ... 0.00822379 0.00768657 0.00783816]\n","  [0.0079324  0.00800446 0.00778036 ... 0.00817856 0.00757648 0.00766217]]\n","\n"," [[0.00805789 0.00781615 0.00819599 ... 0.00765252 0.00801351 0.00764664]\n","  [0.00787493 0.0075099  0.00796758 ... 0.00808868 0.00801838 0.00802272]\n","  [0.00778955 0.00797447 0.0078036  ... 0.00761274 0.00806323 0.0076176 ]\n","  ...\n","  [0.00762644 0.00759228 0.00827747 ... 0.00815906 0.00776127 0.00801972]\n","  [0.00828821 0.00763618 0.00803742 ... 0.00804302 0.00767309 0.00780444]\n","  [0.00788191 0.00793776 0.00791091 ... 0.00799879 0.00756319 0.0076292 ]]\n","\n"," [[0.00786809 0.00820845 0.00822546 ... 0.00764513 0.0080456  0.00771388]\n","  [0.00768943 0.00788683 0.00799623 ... 0.00808087 0.00805049 0.00809326]\n","  [0.00760607 0.00837472 0.00783166 ... 0.00760539 0.00809552 0.00768458]\n","  ...\n","  [0.0074468  0.00797334 0.00830723 ... 0.00815118 0.00779236 0.00809023]\n","  [0.00809298 0.00801945 0.00806632 ... 0.00803525 0.00770382 0.00787306]\n","  [0.00769625 0.00833616 0.00793935 ... 0.00799107 0.00759348 0.00769629]]\n","\n"," [[0.00787592 0.00792924 0.00789388 ... 0.00754215 0.00798186 0.00757793]\n","  [0.00769709 0.00761856 0.00767388 ... 0.00797202 0.00798672 0.00795062]\n","  [0.00761364 0.00808985 0.00751595 ... 0.00750295 0.00803139 0.00754915]\n","  ...\n","  [0.00745421 0.00770213 0.00797235 ... 0.00804138 0.00773063 0.00794765]\n","  [0.00810104 0.00774666 0.00774115 ... 0.00792702 0.00764279 0.00773431]\n","  [0.00770391 0.0080526  0.0076193  ... 0.00788343 0.00753333 0.00756065]]]\n","[[54. 54. 54. 54. 54. 54. 54. 54. 54. 54. 54. 54. 54. 54. 54. 54. 54. 54.\n","  54. 54. 54. 54. 54. 54. 54. 54. 54. 54. 54. 54. 54. 54. 54. 54. 54. 54.\n","  54. 54. 54. 54. 54. 54. 54. 54. 54. 54. 54. 54. 54. 54.]\n"," [54. 54. 54. 54. 54. 54. 54. 54. 54. 54. 54. 54. 54. 54. 54. 54. 54. 54.\n","  54. 54. 54. 54. 54. 54. 54. 54. 54. 54. 54. 54. 54. 54. 54. 54. 54. 54.\n","  54. 54. 54. 54. 54. 54. 54. 54. 54. 54. 54. 54. 54. 54.]\n"," [54. 54. 54. 54. 54. 54. 54. 54. 54. 54. 54. 54. 54. 54. 54. 54. 54. 54.\n","  54. 54. 54. 54. 54. 54. 54. 54. 54. 54. 54. 54. 54. 54. 54. 54. 54. 54.\n","  54. 54. 54. 54. 54. 54. 54. 54. 54. 54. 54. 54. 54. 54.]\n"," [54. 54. 54. 54. 54. 54. 54. 54. 54. 54. 54. 54. 54. 54. 54. 54. 54. 54.\n","  54. 54. 54. 54. 54. 54. 54. 54. 54. 54. 54. 54. 54. 54. 54. 54. 54. 54.\n","  54. 54. 54. 54. 54. 54. 54. 54. 54. 54. 54. 54. 54. 54.]\n"," [54. 54. 54. 54. 54. 54. 54. 54. 54. 54. 54. 54. 54. 54. 54. 54. 54. 54.\n","  54. 54. 54. 54. 54. 54. 54. 54. 54. 54. 54. 54. 54. 54. 54. 54. 54. 54.\n","  54. 54. 54. 54. 54. 54. 54. 54. 54. 54. 54. 54. 54. 54.]\n"," [54. 54. 54. 54. 54. 54. 54. 54. 54. 54. 54. 54. 54. 54. 54. 54. 54. 54.\n","  54. 54. 54. 54. 54. 54. 54. 54. 54. 54. 54. 54. 54. 54. 54. 54. 54. 54.\n","  54. 54. 54. 54. 54. 54. 54. 54. 54. 54. 54. 54. 54. 54.]\n"," [54. 54. 54. 54. 54. 54. 54. 54. 54. 54. 54. 54. 54. 54. 54. 54. 54. 54.\n","  54. 54. 54. 54. 54. 54. 54. 54. 54. 54. 54. 54. 54. 54. 54. 54. 54. 54.\n","  54. 54. 54. 54. 54. 54. 54. 54. 54. 54. 54. 54. 54. 54.]\n"," [54. 54. 54. 54. 54. 54. 54. 54. 54. 54. 54. 54. 54. 54. 54. 54. 54. 54.\n","  54. 54. 54. 54. 54. 54. 54. 54. 54. 54. 54. 54. 54. 54. 54. 54. 54. 54.\n","  54. 54. 54. 54. 54. 54. 54. 54. 54. 54. 54. 54. 54. 54.]\n"," [54. 54. 54. 54. 54. 54. 54. 54. 54. 54. 54. 54. 54. 54. 54. 54. 54. 54.\n","  54. 54. 54. 54. 54. 54. 54. 54. 54. 54. 54. 54. 54. 54. 54. 54. 54. 54.\n","  54. 54. 54. 54. 54. 54. 54. 54. 54. 54. 54. 54. 54. 54.]]\n","[[[1.71078147 0.67150678 0.67150678 ... 0.67150678 0.67150678 0.67150678]\n","  [0.67150678 1.73492728 0.67150678 ... 0.67150678 0.67150678 0.67150678]\n","  [0.67150678 0.67150678 1.74658251 ... 0.67150678 0.67150678 0.67150678]\n","  