{"cells":[{"cell_type":"code","execution_count":1,"metadata":{"metadata":{}},"outputs":[],"source":["import newkernelo as lib\n","import kernelo as oldker\n","import numpy as np\n","import time\n","import os.path\n","import json\n","import logging\n","logging.getLogger().setLevel(logging.INFO)"]},{"cell_type":"code","execution_count":2,"metadata":{},"outputs":[{"name":"stdout","output_type":"stream","text":["<class 'newkernelo._GLLiM_full_diag'>\n","(50, 4, 4)\n","\u001b[39mINFO: GLLiM Parameters initialized\u001b[0m\n","\u001b[39mINFO: GLLiM dimensions are (L=4, D=9, K=50)\u001b[0m\n","\u001b[39mINFO: GLLiM constraints are :\n","\tgamma_type = 'full',\n","\tsigma_type = 'diag'.\u001b[0m\n"]}],"source":["L = 4\n","D = 9\n","K = 50\n","\n","gllim = lib.GLLiM(L,D,K, gamma_type='full', sigma_type='diag')\n","print(type(gllim))\n","gllim.getDimensions()\n","gllim.getConstraints()\n","gllim.getParamPi()\n","gllim.getParamGamma()\n","print(gllim.getParamGamma().shape)\n"]},{"cell_type":"code","execution_count":3,"metadata":{},"outputs":[{"data":{"text/plain":["<newkernelo._GLLiM_full_diag at 0x736906031170>"]},"execution_count":3,"metadata":{},"output_type":"execute_result"},{"name":"stdout","output_type":"stream","text":["\u001b[39mINFO: GLLiM Parameters initialized\u001b[0m\n","\u001b[39mINFO: GLLiM dimensions are (L=4, D=9, K=50)\u001b[0m\n","\u001b[39mINFO: GLLiM constraints are :\n","\tgamma_type = 'full',\n","\tsigma_type = 'full'.\u001b[0m\n"]}],"source":["lib._GLLiM_full_diag(L,D,K, gamma_type='full', sigma_type='full')"]},{"cell_type":"code","execution_count":4,"metadata":{},"outputs":[{"name":"stdout","output_type":"stream","text":["GLLiM dimensions are (L=4, D=9, K=50)\n"]},{"data":{"text/plain":["(50, 4, 4)"]},"execution_count":4,"metadata":{},"output_type":"execute_result"}],"source":["print(gllim.getDimensions())\n","gllim.getParams()\n","gllim.getParamGamma().shape"]},{"cell_type":"code","execution_count":5,"metadata":{},"outputs":[{"name":"stdout","output_type":"stream","text":["[[0. 0. 0. 0. 0. 0. 0. 0. 0. 0. 0. 0. 0. 0. 0. 0. 0. 0. 0. 0. 0. 0. 0. 0.\n","  0. 0. 0. 0. 0. 0. 0. 0. 0. 0. 0. 0. 0. 0. 0. 0. 0. 0. 0. 0. 0. 0. 0. 0.\n","  0. 0.]]\n","(9, 4, 50)\n","GLLiM dimensions are (L=4, D=9, K=50)\n"]}],"source":["theta = gllim.getParams()\n","print(theta.Pi)\n","print(theta.A.shape)\n","# print(theta.L)\n","print(gllim.getDimensions())"]},{"cell_type":"code","execution_count":6,"metadata":{},"outputs":[{"name":"stdout","output_type":"stream","text":["GLLiM dimensions are (L=4, D=9, K=50)\n"]}],"source":["gllim.getParams()\n","gllim.getParamPi()\n","gllim.getParamA()\n","gllim.getParamC()\n","gllim.getParamGamma()\n","gllim.getParamB()\n","gllim.getParamSigma()\n","print(gllim.getDimensions())"]},{"cell_type":"code","execution_count":7,"metadata":{},"outputs":[{"name":"stdout","output_type":"stream","text":["GLLiM dimensions are (L=4, D=9, K=50)\n"]}],"source":["gllim.getInverse().C\n","print(gllim.getDimensions())"]},{"cell_type":"code","execution_count":8,"metadata":{},"outputs":[{"name":"stdout","output_type":"stream","text":["(50, 4, 4)\n","[[0.02 0.02 0.02 0.02 0.02 0.02 0.02 0.02 0.02 0.02 0.02 0.02 0.02 0.02\n","  0.02 0.02 0.02 0.02 0.02 0.02 0.02 0.02 0.02 0.02 0.02 0.02 0.02 0.02\n","  0.02 0.02 0.02 0.02 0.02 0.02 0.02 0.02 0.02 0.02 0.02 0.02 0.02 0.02\n","  0.02 0.02 0.02 0.02 0.02 0.02 0.02 0.02]]\n","[[[1. 1. 1. ... 1. 1. 1.]\n","  [1. 1. 1. ... 1. 1. 1.]\n","  [1. 1. 1. ... 1. 1. 1.]\n","  [1. 1. 1. ... 1. 1. 1.]]\n","\n"," [[1. 1. 1. ... 1. 1. 1.]\n","  [1. 1. 1. ... 1. 1. 1.]\n","  [1. 1. 1. ... 1. 1. 1.]\n","  [1. 1. 1. ... 1. 1. 1.]]\n","\n"," [[1. 1. 1. ... 1. 1. 1.]\n","  [1. 1. 1. ... 1. 1. 1.]\n","  [1. 1. 1. ... 1. 1. 1.]\n","  [1. 1. 1. ... 1. 1. 1.]]\n","\n"," ...\n","\n"," [[1. 1. 1. ... 1. 1. 1.]\n","  [1. 1. 1. ... 1. 1. 1.]\n","  [1. 1. 1. ... 1. 1. 1.]\n","  [1. 1. 1. ... 1. 1. 1.]]\n","\n"," [[1. 1. 1. ... 1. 1. 1.]\n","  [1. 1. 1. ... 1. 1. 1.]\n","  [1. 1. 1. ... 1. 1. 1.]\n","  [1. 1. 1. ... 1. 1. 1.]]\n","\n"," [[1. 1. 1. ... 1. 1. 1.]\n","  [1. 1. 1. ... 1. 1. 1.]\n","  [1. 1. 1. ... 1. 1. 1.]\n","  [1. 1. 1. ... 1. 1. 1.]]]\n","[[2. 2. 2. 2. 2. 2. 2. 2. 2. 2. 2. 2. 2. 2. 2. 2. 2. 2. 2. 2. 2. 2. 2. 2.\n","  2. 2. 2. 2. 2. 2. 2. 2. 2. 2. 2. 2. 2. 2. 2. 2. 2. 2. 2. 2. 2. 2. 2. 2.\n","  2. 2.]\n"," [2. 2. 2. 2. 2. 2. 2. 2. 2. 2. 2. 2. 2. 2. 2. 2. 2. 2. 2. 2. 2. 2. 2. 2.\n","  2. 2. 2. 2. 2. 2. 2. 2. 2. 2. 2. 2. 2. 2. 2. 2. 2. 2. 2. 2. 2. 2. 2. 2.\n","  2. 2.]\n"," [2. 2. 2. 2. 2. 2. 2. 2. 2. 2. 2. 2. 2. 2. 2. 2. 2. 2. 2. 2. 2. 2. 2. 2.\n","  2. 2. 2. 2. 2. 2. 2. 2. 2. 2. 2. 2. 2. 2. 2. 2. 2. 2. 2. 2. 2. 2. 2. 2.\n","  2. 2.]\n"," [2. 2. 2. 2. 2. 2. 2. 2. 2. 2. 2. 2. 2. 2. 2. 2. 2. 2. 2. 2. 2. 2. 2. 2.\n","  2. 2. 2. 2. 2. 2. 2. 2. 2. 2. 2. 2. 2. 2. 2. 2. 2. 2. 2. 2. 2. 2. 2. 2.\n","  2. 2.]]\n","[[[0.2 0.2 0.2 0.2]\n","  [0.2 0.2 0.2 0.2]\n","  [0.2 0.2 0.2 0.2]\n","  [0.2 0.2 0.2 0.2]]\n","\n"," [[0.2 0.2 0.2 0.2]\n","  [0.2 0.2 0.2 0.2]\n","  [0.2 0.2 0.2 0.2]\n","  [0.2 0.2 0.2 0.2]]\n","\n"," [[0.2 0.2 0.2 0.2]\n","  [0.2 0.2 0.2 0.2]\n","  [0.2 0.2 0.2 0.2]\n","  [0.2 0.2 0.2 0.2]]\n","\n"," [[0.2 0.2 0.2 0.2]\n","  [0.2 0.2 0.2 0.2]\n","  [0.2 0.2 0.2 0.2]\n","  [0.2 0.2 0.2 0.2]]\n","\n"," [[0.2 0.2 0.2 0.2]\n","  [0.2 0.2 0.2 0.2]\n","  [0.2 0.2 0.2 0.2]\n","  [0.2 0.2 0.2 0.2]]\n","\n"," [[0.2 0.2 0.2 0.2]\n","  [0.2 0.2 0.2 0.2]\n","  [0.2 0.2 0.2 0.2]\n","  [0.2 0.2 0.2 0.2]]\n","\n"," [[0.2 0.2 0.2 0.2]\n","  [0.2 0.2 0.2 0.2]\n","  [0.2 0.2 0.2 0.2]\n","  [0.2 0.2 0.2 0.2]]\n","\n"," [[0.2 0.2 0.2 0.2]\n","  [0.2 0.2 0.2 0.2]\n","  [0.2 0.2 0.2 0.2]\n","  [0.2 0.2 0.2 0.2]]\n","\n"," [[0.2 0.2 0.2 0.2]\n","  [0.2 0.2 0.2 0.2]\n","  [0.2 0.2 0.2 0.2]\n","  [0.2 0.2 0.2 0.2]]\n","\n"," [[0.2 0.2 0.2 0.2]\n","  [0.2 0.2 0.2 0.2]\n","  [0.2 0.2 0.2 0.2]\n","  [0.2 0.2 0.2 0.2]]\n","\n"," [[0.2 0.2 0.2 0.2]\n","  [0.2 0.2 0.2 0.2]\n","  [0.2 0.2 0.2 0.2]\n","  [0.2 0.2 0.2 0.2]]\n","\n"," [[0.2 0.2 0.2 0.2]\n","  [0.2 0.2 0.2 0.2]\n","  [0.2 0.2 0.2 0.2]\n","  [0.2 0.2 0.2 0.2]]\n","\n"," [[0.2 0.2 0.2 0.2]\n","  [0.2 0.2 0.2 0.2]\n","  [0.2 0.2 0.2 0.2]\n","  [0.2 0.2 0.2 0.2]]\n","\n"," [[0.2 0.2 0.2 0.2]\n","  [0.2 0.2 0.2 0.2]\n","  [0.2 0.2 0.2 0.2]\n","  [0.2 0.2 0.2 0.2]]\n","\n"," [[0.2 0.2 0.2 0.2]\n","  [0.2 0.2 0.2 0.2]\n","  [0.2 0.2 0.2 0.2]\n","  [0.2 0.2 0.2 0.2]]\n","\n"," [[0.2 0.2 0.2 0.2]\n","  [0.2 0.2 0.2 0.2]\n","  [0.2 0.2 0.2 0.2]\n","  [0.2 0.2 0.2 0.2]]\n","\n"," [[0.2 0.2 0.2 0.2]\n","  [0.2 0.2 0.2 0.2]\n","  [0.2 0.2 0.2 0.2]\n","  [0.2 0.2 0.2 0.2]]\n","\n"," [[0.2 0.2 0.2 0.2]\n","  [0.2 0.2 0.2 0.2]\n","  [0.2 0.2 0.2 0.2]\n","  [0.2 0.2 0.2 0.2]]\n","\n"," [[0.2 0.2 0.2 0.2]\n","  [0.2 0.2 0.2 0.2]\n","  [0.2 0.2 0.2 0.2]\n","  [0.2 0.2 0.2 0.2]]\n","\n"," [[0.2 0.2 0.2 0.2]\n","  [0.2 0.2 0.2 0.2]\n","  [0.2 0.2 0.2 0.2]\n","  [0.2 0.2 0.2 0.2]]\n","\n"," [[0.2 0.2 0.2 0.2]\n","  [0.2 0.2 0.2 0.2]\n","  [0.2 0.2 0.2 0.2]\n","  [0.2 0.2 0.2 0.2]]\n","\n"," [[0.2 0.2 0.2 0.2]\n","  [0.2 0.2 0.2 0.2]\n","  [0.2 0.2 0.2 0.2]\n","  [0.2 0.2 0.2 0.2]]\n","\n"," [[0.2 0.2 0.2 0.2]\n","  [0.2 0.2 0.2 0.2]\n","  [0.2 0.2 0.2 0.2]\n","  [0.2 0.2 0.2 0.2]]\n","\n"," [[0.2 0.2 0.2 0.2]\n","  [0.2 0.2 0.2 0.2]\n","  [0.2 0.2 0.2 0.2]\n","  [0.2 0.2 0.2 0.2]]\n","\n"," [[0.2 0.2 0.2 0.2]\n","  [0.2 0.2 0.2 0.2]\n","  [0.2 0.2 0.2 0.2]\n","  [0.2 0.2 0.2 0.2]]\n","\n"," [[0.2 0.2 0.2 0.2]\n","  [0.2 0.2 0.2 0.2]\n","  [0.2 0.2 0.2 0.2]\n","  [0.2 0.2 0.2 0.2]]\n","\n"," [[0.2 0.2 0.2 0.2]\n","  [0.2 0.2 0.2 0.2]\n","  [0.2 0.2 0.2 0.2]\n","  [0.2 0.2 0.2 0.2]]\n","\n"," [[0.2 0.2 0.2 0.2]\n","  [0.2 0.2 0.2 0.2]\n","  [0.2 0.2 0.2 0.2]\n","  [0.2 0.2 0.2 0.2]]\n","\n"," [[0.2 0.2 0.2 0.2]\n","  [0.2 0.2 0.2 0.2]\n","  [0.2 0.2 0.2 0.2]\n","  [0.2 0.2 0.2 0.2]]\n","\n"," [[0.2 0.2 0.2 0.2]\n","  [0.2 0.2 0.2 0.2]\n","  [0.2 0.2 0.2 0.2]\n","  [0.2 0.2 0.2 0.2]]\n","\n"," [[0.2 0.2 0.2 0.2]\n","  [0.2 0.2 0.2 0.2]\n","  [0.2 0.2 0.2 0.2]\n","  [0.2 0.2 0.2 0.2]]\n","\n"," [[0.2 0.2 0.2 0.2]\n","  [0.2 0.2 0.2 0.2]\n","  [0.2 0.2 0.2 0.2]\n","  [0.2 0.2 0.2 0.2]]\n","\n"," [[0.2 0.2 0.2 0.2]\n","  [0.2 0.2 0.2 0.2]\n","  [0.2 0.2 0.2 0.2]\n","  [0.2 0.2 0.2 0.2]]\n","\n"," [[0.2 0.2 0.2 0.2]\n","  [0.2 0.2 0.2 0.2]\n","  [0.2 0.2 0.2 0.2]\n","  [0.2 0.2 0.2 0.2]]\n","\n"," [[0.2 0.2 0.2 0.2]\n","  [0.2 0.2 0.2 0.2]\n","  [0.2 0.2 0.2 0.2]\n","  [0.2 0.2 0.2 0.2]]\n","\n"," [[0.2 0.2 0.2 0.2]\n","  [0.2 0.2 0.2 0.2]\n","  [0.2 0.2 0.2 0.2]\n","  [0.2 0.2 0.2 0.2]]\n","\n"," [[0.2 0.2 0.2 0.2]\n","  [0.2 0.2 0.2 0.2]\n","  [0.2 0.2 0.2 0.2]\n","  [0.2 0.2 0.2 0.2]]\n","\n"," [[0.2 0.2 0.2 0.2]\n","  [0.2 0.2 0.2 0.2]\n","  [0.2 0.2 0.2 0.2]\n","  [0.2 0.2 0.2 0.2]]\n","\n"," [[0.2 0.2 0.2 0.2]\n","  [0.2 0.2 0.2 0.2]\n","  [0.2 0.2 0.2 0.2]\n","  [0.2 0.2 0.2 0.2]]\n","\n"," [[0.2 0.2 0.2 0.2]\n","  [0.2 0.2 0.2 0.2]\n","  [0.2 0.2 0.2 0.2]\n","  [0.2 0.2 0.2 0.2]]\n","\n"," [[0.2 0.2 0.2 0.2]\n","  [0.2 0.2 0.2 0.2]\n","  [0.2 0.2 0.2 0.2]\n","  [0.2 0.2 0.2 0.2]]\n","\n"," [[0.2 0.2 0.2 0.2]\n","  [0.2 0.2 0.2 0.2]\n","  [0.2 0.2 0.2 0.2]\n","  [0.2 0.2 0.2 0.2]]\n","\n"," [[0.2 0.2 0.2 0.2]\n","  [0.2 0.2 0.2 0.2]\n","  [0.2 0.2 0.2 0.2]\n","  [0.2 0.2 0.2 0.2]]\n","\n"," [[0.2 0.2 0.2 0.2]\n","  [0.2 0.2 0.2 0.2]\n","  [0.2 0.2 0.2 0.2]\n","  [0.2 0.2 0.2 0.2]]\n","\n"," [[0.2 0.2 0.2 0.2]\n","  [0.2 0.2 0.2 0.2]\n","  [0.2 0.2 0.2 0.2]\n","  [0.2 0.2 0.2 0.2]]\n","\n"," [[0.2 0.2 0.2 0.2]\n","  [0.2 0.2 0.2 0.2]\n","  [0.2 0.2 0.2 0.2]\n","  [0.2 0.2 0.2 0.2]]\n","\n"," [[0.2 0.2 0.2 0.2]\n","  [0.2 0.2 0.2 0.2]\n","  [0.2 0.2 0.2 0.2]\n","  [0.2 0.2 0.2 0.2]]\n","\n"," [[0.2 0.2 0.2 0.2]\n","  [0.2 0.2 0.2 0.2]\n","  [0.2 0.2 0.2 0.2]\n","  [0.2 0.2 0.2 0.2]]\n","\n"," [[0.2 0.2 0.2 0.2]\n","  [0.2 0.2 0.2 0.2]\n","  [0.2 0.2 0.2 0.2]\n","  [0.2 0.2 0.2 0.2]]\n","\n"," [[0.2 0.2 0.2 0.2]\n","  [0.2 0.2 0.2 0.2]\n","  [0.2 0.2 0.2 0.2]\n","  [0.2 0.2 0.2 0.2]]]\n","[[3. 3. 3. 3. 3. 3. 3. 3. 3. 3. 3. 3. 3. 3. 3. 3. 3. 3. 3. 3. 3. 3. 3. 3.\n","  3. 3. 3. 3. 3. 3. 3. 3. 3. 3. 3. 3. 3. 3. 3. 3. 3. 3. 3. 3. 3. 3. 3. 3.\n","  3. 3.]\n"," [3. 3. 3. 3. 3. 3. 3. 3. 3. 3. 3. 3. 3. 3. 3. 3. 3. 3. 3. 3. 3. 3. 3. 3.\n","  3. 3. 3. 3. 3. 3. 3. 3. 3. 3. 3. 3. 3. 3. 3. 3. 3. 3. 3. 3. 3. 3. 3. 3.\n","  3. 3.]\n"," [3. 3. 3. 3. 3. 3. 3. 3. 3. 3. 3. 3. 3. 3. 3. 3. 3. 3. 3. 3. 3. 3. 3. 3.\n","  3. 3. 3. 3. 3. 3. 3. 3. 3. 3. 3. 3. 3. 3. 3. 3. 3. 3. 3. 3. 3. 3. 3. 3.\n","  3. 3.]\n"," [3. 3. 3. 3. 3. 3. 3. 3. 3. 3. 3. 3. 3. 3. 3. 3. 3. 3. 3. 3. 3. 3. 3. 3.\n","  3. 3. 3. 3. 3. 3. 3. 3. 3. 3. 3. 3. 3. 3. 3. 3. 3. 3. 3. 3. 3. 3. 3. 3.\n","  3. 3.]\n"," [3. 3. 3. 3. 3. 3. 3. 3. 3. 3. 3. 3. 3. 3. 3. 3. 3. 3. 3. 3. 3. 3. 3. 3.\n","  3. 3. 3. 3. 3. 3. 3. 3. 3. 3. 3. 3. 3. 3. 3. 3. 3. 3. 3. 3. 3. 3. 3. 3.\n","  3. 3.]\n"," [3. 3. 3. 3. 3. 3. 3. 3. 3. 3. 3. 3. 3. 3. 3. 3. 3. 3. 3. 3. 3. 3. 3. 3.\n","  3. 3. 3. 3. 3. 3. 3. 3. 3. 3. 3. 3. 3. 3. 3. 3. 3. 3. 3. 3. 3. 3. 3. 3.\n","  3. 3.]\n"," [3. 3. 3. 3. 3. 3. 3. 3. 3. 3. 3. 3. 3. 3. 3. 3. 3. 3. 3. 3. 3. 3. 3. 3.\n","  3. 3. 3. 3. 3. 3. 3. 3. 3. 3. 3. 3. 3. 3. 3. 3. 3. 3. 3. 3. 3. 3. 3. 3.\n","  3. 3.]\n"," [3. 3. 3. 3. 3. 3. 3. 3. 3. 3. 3. 3. 3. 3. 3. 3. 3. 3. 3. 3. 3. 3. 3. 3.\n","  3. 3. 3. 3. 3. 3. 3. 3. 3. 3. 3. 3. 3. 3. 3. 3. 3. 3. 3. 3. 3. 3. 3. 3.\n","  3. 3.]\n"," [3. 3. 3. 3. 3. 3. 3. 3. 3. 3. 3. 3. 3. 3. 3. 3. 3. 3. 3. 3. 3. 3. 3. 3.\n","  3. 3. 3. 3. 3. 3. 3. 3. 3. 3. 3. 3. 3. 3. 3. 3. 3. 3. 3. 3. 3. 3. 3. 3.\n","  3. 3.]]\n","[[0.3 0.3 0.3 0.3 0.3 0.3 0.3 0.3 0.3]\n"," [0.3 0.3 0.3 0.3 0.3 0.3 0.3 0.3 0.3]\n"," [0.3 0.3 0.3 0.3 0.3 0.3 0.3 0.3 0.3]\n"," [0.3 0.3 0.3 0.3 0.3 0.3 0.3 0.3 0.3]\n"," [0.3 0.3 0.3 0.3 0.3 0.3 0.3 0.3 0.3]\n"," [0.3 0.3 0.3 0.3 0.3 0.3 0.3 0.3 0.3]\n"," [0.3 0.3 0.3 0.3 0.3 0.3 0.3 0.3 0.3]\n"," [0.3 0.3 0.3 0.3 0.3 0.3 0.3 0.3 0.3]\n"," [0.3 0.3 0.3 0.3 0.3 0.3 0.3 0.3 0.3]\n"," [0.3 0.3 0.3 0.3 0.3 0.3 0.3 0.3 0.3]\n"," [0.3 0.3 0.3 0.3 0.3 0.3 0.3 0.3 0.3]\n"," [0.3 0.3 0.3 0.3 0.3 0.3 0.3 0.3 0.3]\n"," [0.3 0.3 0.3 0.3 0.3 0.3 0.3 0.3 0.3]\n"," [0.3 0.3 0.3 0.3 0.3 0.3 0.3 0.3 0.3]\n"," [0.3 0.3 0.3 0.3 0.3 0.3 0.3 0.3 0.3]\n"," [0.3 0.3 0.3 0.3 0.3 0.3 0.3 0.3 0.3]\n"," [0.3 0.3 0.3 0.3 0.3 0.3 0.3 0.3 0.3]\n"," [0.3 0.3 0.3 0.3 0.3 0.3 0.3 0.3 0.3]\n"," [0.3 0.3 0.3 0.3 0.3 0.3 0.3 0.3 0.3]\n"," [0.3 0.3 0.3 0.3 0.3 0.3 0.3 0.3 0.3]\n"," [0.3 0.3 0.3 0.3 0.3 0.3 0.3 0.3 0.3]\n"," [0.3 0.3 0.3 0.3 0.3 0.3 0.3 0.3 0.3]\n"," [0.3 0.3 0.3 0.3 0.3 0.3 0.3 0.3 0.3]\n"," [0.3 0.3 0.3 0.3 0.3 0.3 0.3 0.3 0.3]\n"," [0.3 0.3 0.3 0.3 0.3 0.3 0.3 0.3 0.3]\n"," [0.3 0.3 0.3 0.3 0.3 0.3 0.3 0.3 0.3]\n"," [0.3 0.3 0.3 0.3 0.3 0.3 0.3 0.3 0.3]\n"," [0.3 0.3 0.3 0.3 0.3 0.3 0.3 0.3 0.3]\n"," [0.3 0.3 0.3 0.3 0.3 0.3 0.3 0.3 0.3]\n"," [0.3 0.3 0.3 0.3 0.3 0.3 0.3 0.3 0.3]\n"," [0.3 0.3 0.3 0.3 0.3 0.3 0.3 0.3 0.3]\n"," [0.3 0.3 0.3 0.3 0.3 0.3 0.3 0.3 0.3]\n"," [0.3 0.3 0.3 0.3 0.3 0.3 0.3 0.3 0.3]\n"," [0.3 0.3 0.3 0.3 0.3 0.3 0.3 0.3 0.3]\n"," [0.3 0.3 0.3 0.3 0.3 0.3 0.3 0.3 0.3]\n"," [0.3 0.3 0.3 0.3 0.3 0.3 0.3 0.3 0.3]\n"," [0.3 0.3 0.3 0.3 0.3 0.3 0.3 0.3 0.3]\n"," [0.3 0.3 0.3 0.3 0.3 0.3 0.3 0.3 0.3]\n"," [0.3 0.3 0.3 0.3 0.3 0.3 0.3 0.3 0.3]\n"," [0.3 0.3 0.3 0.3 0.3 0.3 0.3 0.3 0.3]\n"," [0.3 0.3 0.3 0.3 0.3 0.3 0.3 0.3 0.3]\n"," [0.3 0.3 0.3 0.3 0.3 0.3 0.3 0.3 0.3]\n"," [0.3 0.3 0.3 0.3 0.3 0.3 0.3 0.3 0.3]\n"," [0.3 0.3 0.3 0.3 0.3 0.3 0.3 0.3 0.3]\n"," [0.3 0.3 0.3 0.3 0.3 0.3 0.3 0.3 0.3]\n"," [0.3 0.3 0.3 0.3 0.3 0.3 0.3 0.3 0.3]\n"," [0.3 0.3 0.3 0.3 0.3 0.3 0.3 0.3 0.3]\n"," [0.3 0.3 0.3 0.3 0.3 0.3 0.3 0.3 0.3]\n"," [0.3 0.3 0.3 0.3 0.3 0.3 0.3 0.3 0.3]\n"," [0.3 0.3 0.3 0.3 0.3 0.3 0.3 0.3 0.3]]\n","(50, 9)\n","GLLiM dimensions are (L=4, D=9, K=50)\n"]}],"source":["Pi = np.ones(K) * 1 / K\n","A = np.ones((D, L, K))\n","C = np.ones((L, K)) * 2\n","Gamma = np.ones((K,L, L)) * 0.2\n","B = np.ones((D, K)) * 3\n","Sigma = np.ones((K,D, D)) * 0.3\n","print(Gamma.shape)\n","gllim.setParamPi(Pi)\n","gllim.setParamA(A)\n","gllim.setParamC(C)\n","gllim.setParamGamma(Gamma)\n","gllim.setParamB(B)\n","gllim.setParamSigma(np.array(Sigma[:,:,0]))\n","\n","theta = gllim.getParams()\n","print(theta.Pi)\n","print(theta.A)\n","print(theta.C)\n","print(theta.Gamma)\n","print(theta.B)\n","print(theta.Sigma)\n","print(theta.Sigma.shape)\n","print(gllim.getDimensions())"]},{"cell_type":"code","execution_count":9,"metadata":{},"outputs":[{"name":"stdout","output_type":"stream","text":["GLLiM dimensions are (L=4, D=9, K=50)\n","GLLiM dimensions are (L=4, D=9, K=50)\n"]}],"source":["print(gllim.getDimensions())\n","gllim.getParams()\n","print(gllim.getDimensions())"]},{"cell_type":"code","execution_count":10,"metadata":{},"outputs":[{"name":"stdout","output_type":"stream","text":["<class 'newkernelo._GLLiMParameters_full_diag'>\n","GLLiM dimensions are (L=4, D=9, K=50)\n","GLLiM dimensions are (L=4, D=9, K=50)\n","[[0.02 0.02 0.02 0.02 0.02 0.02 0.02 0.02 0.02 0.02 0.02 0.02 0.02 0.02\n","  0.02 0.02 0.02 0.02 0.02 0.02 0.02 0.02 0.02 0.02 0.02 0.02 0.02 0.02\n","  0.02 0.02 0.02 0.02 0.02 0.02 0.02 0.02 0.02 0.02 0.02 0.02 0.02 0.02\n","  0.02 0.02 0.02 0.02 0.02 0.02 0.02 0.02]]\n","[[[3. 3. 3. ... 3. 3. 3.]\n","  [3. 3. 3. ... 3. 3. 3.]\n","  [3. 3. 3. ... 3. 3. 3.]\n","  [3. 3. 3. ... 3. 3. 3.]]\n","\n"," [[3. 3. 3. ... 3. 3. 3.]\n","  [3. 3. 3. ... 3. 3. 3.]\n","  [3. 3. 3. ... 3. 3. 3.]\n","  [3. 3. 3. ... 3. 3. 3.]]\n","\n"," [[3. 3. 3. ... 3. 3. 3.]\n","  [3. 3. 3. ... 3. 3. 3.]\n","  [3. 3. 3. ... 3. 3. 3.]\n","  [3. 3. 3. ... 3. 3. 3.]]\n","\n"," ...\n","\n"," [[3. 3. 3. ... 3. 3. 3.]\n","  [3. 3. 3. ... 3. 3. 3.]\n","  [3. 3. 3. ... 3. 3. 3.]\n","  [3. 3. 3. ... 3. 3. 3.]]\n","\n"," [[3. 3. 3. ... 3. 3. 3.]\n","  [3. 3. 3. ... 3. 3. 3.]\n","  [3. 3. 3. ... 3. 3. 3.]\n","  [3. 3. 3. ... 3. 3. 3.]]\n","\n"," [[3. 3. 3. ... 3. 3. 3.]\n","  [3. 3. 3. ... 3. 3. 3.]\n","  [3. 3. 3. ... 3. 3. 3.]\n","  [3. 3. 3. ... 3. 3. 3.]]]\n","[[4. 4. 4. 4. 4. 4. 4. 4. 4. 4. 4. 4. 4. 4. 4. 4. 4. 4. 4. 4. 4. 4. 4. 4.\n","  4. 4. 4. 4. 4. 4. 4. 4. 4. 4. 4. 4. 4. 4. 4. 4. 4. 4. 4. 4. 4. 4. 4. 4.\n","  4. 4.]\n"," [4. 4. 4. 4. 4. 4. 4. 4. 4. 4. 4. 4. 4. 4. 4. 4. 4. 4. 4. 4. 4. 4. 4. 4.\n","  4. 4. 4. 4. 4. 4. 4. 4. 4. 4. 4. 4. 4. 4. 4. 4. 4. 4. 4. 4. 4. 4. 4. 4.\n","  4. 4.]\n"," [4. 4. 4. 4. 4. 4. 4. 4. 4. 4. 4. 4. 4. 4. 4. 4. 4. 4. 4. 4. 4. 4. 4. 4.\n","  4. 4. 4. 4. 4. 4. 4. 4. 4. 4. 4. 4. 4. 4. 4. 4. 4. 4. 4. 4. 4. 4. 4. 4.\n","  4. 4.]\n"," [4. 4. 4. 4. 4. 4. 4. 4. 4. 4. 4. 4. 4. 4. 4. 4. 4. 4. 4. 4. 4. 4. 4. 4.\n","  4. 4. 4. 4. 4. 4. 4. 4. 4. 4. 4. 4. 4. 4. 4. 4. 4. 4. 4. 4. 4. 4. 4. 4.\n","  4. 4.]]\n","[[[0.00461935 0.00465186 0.00467821 0.00462181]\n","  [0.00465186 0.0047332  0.00473151 0.00465559]\n","  [0.00467821 0.00473151 0.00477832 0.00469426]\n","  [0.00462181 0.00465559 0.00469426 0.00464674]]\n","\n"," [[0.00451234 0.00461615 0.00448009 0.00459581]\n","  [0.00461615 0.00474325 0.00458779 0.00470711]\n","  [0.00448009 0.00458779 0.00446369 0.00456352]\n","  [0.00459581 0.00470711 0.00456352 0.00469114]]\n","\n"," [[0.00455982 0.00450254 0.00450246 0.00455173]\n","  [0.00450254 0.00447279 0.00445764 0.00450201]\n","  [0.00450246 0.00445764 0.00447186 0.0045044 ]\n","  [0.00455173 0.00450201 0.0045044  0.00456666]]\n","\n"," [[0.00466873 0.00464444 0.00461748 0.00464555]\n","  [0.00464444 0.0046245  0.00459604 0.00462252]\n","  [0.00461748 0.00459604 0.00458475 0.00458962]\n","  [0.00464555 0.00462252 0.00458962 0.00462757]]\n","\n"," [[0.00443405 0.00457586 0.00446451 0.00444052]\n","  [0.00457586 0.00472905 0.00460973 0.00458316]\n","  [0.00446451 0.00460973 0.00451424 0.00447377]\n","  [0.00444052 0.00458316 0.00447377 0.00445466]]\n","\n"," [[0.00435512 0.00454862 0.00457512 0.00447281]\n","  [0.00454862 0.00475853 0.00478588 0.00467877]\n","  [0.00457512 0.00478588 0.00483212 0.00470659]\n","  [0.00447281 0.00467877 0.00470659 0.00461985]]\n","\n"," [[0.00448193 0.00464391 0.00447602 0.00454345]\n","  [0.00464391 0.00484535 0.00464926 0.00473498]\n","  [0.00447602 0.00464926 0.00449016 0.00455229]\n","  [0.00454345 0.00473498 0.00455229 0.00465552]]\n","\n"," [[0.00462818 0.00465863 0.00457239 0.00469227]\n","  [0.00465863 0.0047051  0.00459844 0.0047204 ]\n","  [0.00457239 0.00459844 0.00452453 0.00463538]\n","  [0.00469227 0.0047204  0.00463538 0.00476725]]\n","\n"," [[0.00452397 0.00453283 0.00455251 0.00452467]\n","  [0.00453283 0.00456537 0.00458528 0.00455446]\n","  [0.00455251 0.00458528 0.00461997 0.00456659]\n","  [0.00452467 0.00455446 0.00456659 0.00454936]]\n","\n"," [[0.00486595 0.00466152 0.00465712 0.00473105]\n","  [0.00466152 0.0045     0.00448433 0.00454242]\n","  [0.00465712 0.00448433 0.00448314 0.00453139]\n","  [0.00473105 0.00454242 0.00453139 0.00462264]]\n","\n"," [[0.00456771 0.00452783 0.00454017 0.00454317]\n","  [0.00452783 0.00451143 0.00451411 0.00452392]\n","  [0.00454017 0.00451411 0.00452611 0.00453051]\n","  [0.00454317 0.00452392 0.00453051 0.00454516]]\n","\n"," [[0.00442946 0.00458992 0.00443031 0.00445141]\n","  [0.00458992 0.00479322 0.00459357 0.00462919]\n","  [0.00443031 0.00459357 0.00444167 0.00444884]\n","  [0.00445141 0.00462919 0.00444884 0.00449389]]\n","\n"," [[0.00480493 0.00481434 0.00469638 0.00482797]\n","  [0.00481434 0.00484357 0.00471348 0.00484463]\n","  [0.00469638 0.00471348 0.00461535 0.00472699]\n","  [0.00482797 0.00484463 0.00472699 0.00486692]]\n","\n"," [[0.00460538 0.00452927 0.00456645 0.00454472]\n","  [0.00452927 0.00447583 0.00450484 0.00448982]\n","  [0.00456645 0.00450484 0.00455843 0.00452288]\n","  [0.00454472 0.00448982 0.00452288 0.00451483]]\n","\n"," [[0.00454168 0.00455499 0.00455315 0.00456417]\n","  [0.00455499 0.00458035 0.00457335 0.00458542]\n","  [0.00455315 0.00457335 0.00457769 0.00458645]\n","  [0.00456417 0.00458542 0.00458645 0.00460284]]\n","\n"," [[0.00456349 0.00453025 0.00471691 0.00456231]\n","  [0.00453025 0.00453528 0.00470399 0.00454836]\n","  [0.00471691 0.00470399 0.00491986 0.00474519]\n","  [0.00456231 0.00454836 0.00474519 0.00460041]]\n","\n"," [[0.00450027 0.00450392 0.00448166 0.00455224]\n","  [0.00450392 0.0045366  0.00450285 0.00456879]\n","  [0.00448166 0.00450285 0.00449318 0.00454674]\n","  [0.00455224 0.00456879 0.00454674 0.00462809]]\n","\n"," [[0.00436903 0.00451477 0.00449307 0.00450427]\n","  [0.00451477 0.00468462 0.0046478  0.00466464]\n","  [0.00449307 0.0046478  0.00464702 0.00464826]\n","  [0.00450427 0.00466464 0.00464826 0.00465758]]\n","\n"," [[0.00461644 0.00459157 0.00467677 0.00463186]\n","  [0.00459157 0.00459836 0.00467493 0.00462164]\n","  [0.00467677 0.00467493 0.0047727  0.00470128]\n","  [0.00463186 0.00462164 0.00470128 0.00466675]]\n","\n"," [[0.00457592 0.00466054 0.00453064 0.00459892]\n","  [0.00466054 0.00476039 0.0046247  0.00470251]\n","  [0.00453064 0.0046247  0.00453866 0.00457721]\n","  [0.00459892 0.00470251 0.00457721 0.00465624]]\n","\n"," [[0.00467645 0.00473163 0.00466489 0.00473469]\n","  [0.00473163 0.00482283 0.00474575 0.00480919]\n","  [0.00466489 0.00474575 0.00468171 0.00474409]\n","  [0.00473469 0.00480919 0.00474409 0.00481471]]\n","\n"," [[0.0044534  0.00446149 0.00439634 0.00461082]\n","  [0.00446149 0.00448582 0.00441669 0.00461504]\n","  [0.00439634 0.00441669 0.00436272 0.00455538]\n","  [0.00461082 0.00461504 0.00455538 0.00478348]]\n","\n"," [[0.00476036 0.00465542 0.00455453 0.00457928]\n","  [0.00465542 0.00459015 0.00446283 0.00450005]\n","  [0.00455453 0.00446283 0.00436641 0.004386  ]\n","  [0.00457928 0.00450005 0.004386   0.00442888]]\n","\n"," [[0.00466845 0.00460096 0.00469134 0.00456646]\n","  [0.00460096 0.00457087 0.00463691 0.00451435]\n","  [0.00469134 0.00463691 0.00473798 0.00459359]\n","  [0.00456646 0.00451435 0.00459359 0.00448164]]\n","\n"," [[0.00467675 0.0045736  0.00466342 0.00459449]\n","  [0.0045736  0.00452365 0.00458612 0.00451154]\n","  [0.00466342 0.00458612 0.00467213 0.00459473]\n","  [0.00459449 0.00451154 0.00459473 0.00454033]]\n","\n"," [[0.00467471 0.00466919 0.00464016 0.00472604]\n","  [0.00466919 0.00469164 0.00466355 0.00474316]\n","  [0.00464016 0.00466355 0.00466254 0.00472511]\n","  [0.00472604 0.00474316 0.00472511 0.00480571]]\n","\n"," [[0.0045824  0.00462775 0.00466228 0.00464834]\n","  [0.00462775 0.00470728 0.00472888 0.00472968]\n","  [0.00466228 0.00472888 0.00476538 0.0047472 ]\n","  [0.00464834 0.00472968 0.0047472  0.00475668]]\n","\n"," [[0.00472332 0.00474869 0.0046066  0.00465591]\n","  [0.00474869 0.00481493 0.00465086 0.00469692]\n","  [0.0046066  0.00465086 0.00452313 0.00456813]\n","  [0.00465591 0.00469692 0.00456813 0.0046281 ]]\n","\n"," [[0.00466927 0.00475545 0.00471196 0.00455428]\n","  [0.00475545 0.00486611 0.00481813 0.00465464]\n","  [0.00471196 0.00481813 0.00478053 0.0046186 ]\n","  [0.00455428 0.00465464 0.0046186  0.00446867]]\n","\n"," [[0.0047452  0.00472733 0.00470728 0.00470442]\n","  [0.00472733 0.00476145 0.00471732 0.00470634]\n","  [0.00470728 0.00471732 0.00470132 0.00466797]\n","  [0.00470442 0.00470634 0.00466797 0.0046944 ]]\n","\n"," [[0.0045744  0.00463962 0.00456026 0.00456565]\n","  [0.00463962 0.00473151 0.00465345 0.00465562]\n","  [0.00456026 0.00465345 0.00459614 0.00457524]\n","  [0.00456565 0.00465562 0.00457524 0.00458282]]\n","\n"," [[0.00464231 0.00455709 0.00466873 0.00451814]\n","  [0.00455709 0.00450623 0.00461779 0.00446724]\n","  [0.00466873 0.00461779 0.0047596  0.00457917]\n","  [0.00451814 0.00446724 0.00457917 0.00443009]]\n","\n"," [[0.00459478 0.00458429 0.00466755 0.00457614]\n","  [0.00458429 0.00460901 0.00467358 0.00458051]\n","  [0.00466755 0.00467358 0.00477085 0.00465988]\n","  [0.00457614 0.00458051 0.00465988 0.00457628]]\n","\n"," [[0.00452421 0.00461352 0.00446825 0.0044776 ]\n","  [0.00461352 0.00472624 0.00456004 0.00456953]\n","  [0.00446825 0.00456004 0.0044411  0.00443418]\n","  [0.0044776  0.00456953 0.00443418 0.00444754]]\n","\n"," [[0.00441603 0.00443981 0.00453791 0.0045171 ]\n","  [0.00443981 0.00449268 0.00458311 0.0045491 ]\n","  [0.00453791 0.00458311 0.00468479 0.00464888]\n","  [0.0045171  0.0045491  0.00464888 0.00462826]]\n","\n"," [[0.00465339 0.00453238 0.00465947 0.00465702]\n","  [0.00453238 0.00443346 0.00454703 0.00454449]\n","  [0.00465947 0.00454703 0.00468284 0.00468483]\n","  [0.00465702 0.00454449 0.00468483 0.00469592]]\n","\n"," [[0.00482283 0.00468317 0.00464019 0.00475747]\n","  [0.00468317 0.00458591 0.0045245  0.00464393]\n","  [0.00464019 0.0045245  0.00450005 0.00461188]\n","  [0.00475747 0.00464393 0.00461188 0.00473086]]\n","\n"," [[0.00475286 0.00472341 0.00471528 0.00469041]\n","  [0.00472341 0.00473051 0.00469244 0.00466954]\n","  [0.00471528 0.00469244 0.0046855  0.00465954]\n","  [0.00469041 0.00466954 0.00465954 0.00465374]]\n","\n"," [[0.00441414 0.00452723 0.00440541 0.00440808]\n","  [0.00452723 0.00465928 0.00452517 0.0045311 ]\n","  [0.00440541 0.00452517 0.0044275  0.00440738]\n","  [0.00440808 0.0045311  0.00440738 0.00441906]]\n","\n"," [[0.00460947 0.00467013 0.00453309 0.00455781]\n","  [0.00467013 0.00474302 0.00459118 0.00462633]\n","  [0.00453309 0.00459118 0.00446855 0.00448126]\n","  [0.00455781 0.00462633 0.00448126 0.0045191 ]]\n","\n"," [[0.00454819 0.00464565 0.00457147 0.00464856]\n","  [0.00464565 0.00476609 0.00468291 0.00475645]\n","  [0.00457147 0.00468291 0.00460952 0.00468061]\n","  [0.00464856 0.00475645 0.00468061 0.00476117]]\n","\n"," [[0.00452717 0.00449385 0.00464466 0.00467283]\n","  [0.00449385 0.00448922 0.00464188 0.0046523 ]\n","  [0.00464466 0.00464188 0.00481843 0.00481802]\n","  [0.00467283 0.0046523  0.00481802 0.00484186]]\n","\n"," [[0.00449746 0.0046918  0.0047231  0.00446027]\n","  [0.0046918  0.00490166 0.00493692 0.00466305]\n","  [0.0047231  0.00493692 0.00498631 0.00470286]\n","  [0.00446027 0.00466305 0.00470286 0.00445525]]\n","\n"," [[0.00476172 0.00470725 0.00465247 0.00473467]\n","  [0.00470725 0.00470313 0.00462644 0.0047142 ]\n","  [0.00465247 0.00462644 0.00457071 0.00463498]\n","  [0.00473467 0.0047142  0.00463498 0.00475108]]\n","\n"," [[0.00453712 0.00452886 0.00466677 0.0046799 ]\n","  [0.00452886 0.00453562 0.00465764 0.00467548]\n","  [0.00466677 0.00465764 0.00481382 0.00481341]\n","  [0.0046799  0.00467548 0.00481341 0.00486085]]\n","\n"," [[0.00466221 0.00448201 0.00462104 0.00464416]\n","  [0.00448201 0.00431943 0.00444902 0.00446326]\n","  [0.00462104 0.00444902 0.00459342 0.00460788]\n","  [0.00464416 0.00446326 0.00460788 0.00464686]]\n","\n"," [[0.00471216 0.00469031 0.00455802 0.00465317]\n","  [0.00469031 0.00472328 0.00455281 0.00466314]\n","  [0.00455802 0.00455281 0.00442242 0.00451551]\n","  [0.00465317 0.00466314 0.00451551 0.00462883]]\n","\n"," [[0.00463896 0.00459288 0.00470271 0.00460443]\n","  [0.00459288 0.00456302 0.00467382 0.00456745]\n","  [0.00470271 0.00467382 0.00481287 0.00468313]\n","  [0.00460443 0.00456745 0.00468313 0.00458728]]\n","\n"," [[0.00462288 0.00458264 0.00461974 0.00467826]\n","  [0.00458264 0.00455612 0.00457887 0.00463951]\n","  [0.00461974 0.00457887 0.00462083 0.00467597]\n","  [0.00467826 0.00463951 0.00467597 0.00473826]]\n","\n"," [[0.00462036 0.00453831 0.00458305 0.0046621 ]\n","  [0.00453831 0.00448487 0.00451891 0.00458848]\n","  [0.00458305 0.00451891 0.00457402 0.00463658]\n","  [0.0046621  0.00458848 0.00463658 0.00472706]]]\n","[[6. 6. 6. 6. 6. 6. 6. 6. 6. 6. 6. 6. 6. 6. 6. 6. 6. 6. 6. 6. 6. 6. 6. 6.\n","  6. 6. 6. 6. 6. 6. 6. 6. 6. 6. 6. 6. 6. 6. 6. 6. 6. 6. 6. 6. 6. 6. 6. 6.\n","  6. 6.]\n"," [6. 6. 6. 6. 6. 6. 6. 6. 6. 6. 6. 6. 6. 6. 6. 6. 6. 6. 6. 6. 6. 6. 6. 6.\n","  6. 6. 6. 6. 6. 6. 6. 6. 6. 6. 6. 6. 6. 6. 6. 6. 6. 6. 6. 6. 6. 6. 6. 6.\n","  6. 6.]\n"," [6. 6. 6. 6. 6. 6. 6. 6. 6. 6. 6. 6. 6. 6. 6. 6. 6. 6. 6. 6. 6. 6. 6. 6.\n","  6. 6. 6. 6. 6. 6. 6. 6. 6. 6. 6. 6. 6. 6. 6. 6. 6. 6. 6. 6. 6. 6. 6. 6.\n","  6. 6.]\n"," [6. 6. 6. 6. 6. 6. 6. 6. 6. 6. 6. 6. 6. 6. 6. 6. 6. 6. 6. 6. 6. 6. 6. 6.\n","  6. 6. 6. 6. 6. 6. 6. 6. 6. 6. 6. 6. 6. 6. 6. 6. 6. 6. 6. 6. 6. 6. 6. 6.\n","  6. 6.]\n"," [6. 6. 6. 6. 6. 6. 6. 6. 6. 6. 6. 6. 6. 6. 6. 6. 6. 6. 6. 6. 6. 6. 6. 6.\n","  6. 6. 6. 6. 6. 6. 6. 6. 6. 6. 6. 6. 6. 6. 6. 6. 6. 6. 6. 6. 6. 6. 6. 6.\n","  6. 6.]\n"," [6. 6. 6. 6. 6. 6. 6. 6. 6. 6. 6. 6. 6. 6. 6. 6. 6. 6. 6. 6. 6. 6. 6. 6.\n","  6. 6. 6. 6. 6. 6. 6. 6. 6. 6. 6. 6. 6. 6. 6. 6. 6. 6. 6. 6. 6. 6. 6. 6.\n","  6. 6.]\n"," [6. 6. 6. 6. 6. 6. 6. 6. 6. 6. 6. 6. 6. 6. 6. 6. 6. 6. 6. 6. 6. 6. 6. 6.\n","  6. 6. 6. 6. 6. 6. 6. 6. 6. 6. 6. 6. 6. 6. 6. 6. 6. 6. 6. 6. 6. 6. 6. 6.\n","  6. 6.]\n"," [6. 6. 6. 6. 6. 6. 6. 6. 6. 6. 6. 6. 6. 6. 6. 6. 6. 6. 6. 6. 6. 6. 6. 6.\n","  6. 6. 6. 6. 6. 6. 6. 6. 6. 6. 6. 6. 6. 6. 6. 6. 6. 6. 6. 6. 6. 6. 6. 6.\n","  6. 6.]\n"," [6. 6. 6. 6. 6. 6. 6. 6. 6. 6. 6. 6. 6. 6. 6. 6. 6. 6. 6. 6. 6. 6. 6. 6.\n","  6. 6. 6. 6. 6. 6. 6. 6. 6. 6. 6. 6. 6. 6. 6. 6. 6. 6. 6. 6. 6. 6. 6. 6.\n","  6. 6.]]\n","[[1.06749673 1.01220015 1.01813666 1.0997502  1.00673032 1.05876547\n","  1.01067813 1.07429381 1.06694986]\n"," [1.03487827 1.01713247 1.09225994 1.09080714 1.07115342 1.03896841\n","  1.02747211 1.09400759 1.07816311]\n"," [1.04223117 1.02730824 1.00666919 1.02235038 1.0774223  1.04802013\n","  1.04787384 1.07619066 1.02893435]\n"," [1.0410358  1.06822451 1.00585923 1.02362487 1.04325617 1.00196227\n","  1.05123123 1.08764234 1.00624628]\n"," [1.047383   1.03571684 1.08190698 1.06696408 1.06456289 1.09874166\n","  1.0490648  1.08860412 1.00963037]\n"," [1.0373463  1.07860675 1.09710262 1.04784544 1.02329996 1.04126231\n","  1.05449127 1.03132153 1.07405998]\n"," [1.08517837 1.03980565 1.03225925 1.09557854 1.07692058 1.04127951\n","  1.02463841 1.01649877 1.04224641]\n"," [1.06627625 1.09286654 1.04867952 1.00223132 1.00037954 1.07049651\n","  1.03738917 1.01749104 1.06346862]\n"," [1.04719742 1.00349412 1.07802561 1.08582651 1.09095618 1.00544092\n","  1.09531866 1.0805322  1.0088536 ]\n"," [1.00419984 1.05662342 1.04483397 1.01870645 1.09109747 1.00731985\n","  1.066197   1.05066663 1.01447348]\n"," [1.00497286 1.02367006 1.01193791 1.03908843 1.00959413 1.06361367\n","  1.00384469 1.02807027 1.08756564]\n"," [1.06801468 1.08523789 1.07630114 1.02440993 1.09084151 1.06930573\n","  1.03362226 1.09394015 1.02382565]\n"," [1.02429259 1.0351771  1.04132502 1.017523   1.09650572 1.03378195\n","  1.03935647 1.0498657  1.02765968]\n"," [1.05929192 1.03835978 1.0555738  1.09776595 1.02310429 1.04304983\n","  1.0279779  1.06608839 1.03433696]\n"," [1.04985601 1.0505701  1.02305985 1.04704997 1.00249361 1.05718821\n","  1.01402012 1.02334063 1.08275725]\n"," [1.09899856 1.04551961 1.06132468 1.00955544 1.02543597 1.07077047\n","  1.00861873 1.06165181 1.05259189]\n"," [1.07118309 1.05273884 1.04530398 1.07724527 1.09616195 1.06793961\n","  1.08065941 1.0864435  1.03790304]\n"," [1.00069928 1.01986874 1.02730638 1.02533888 1.00456598 1.0835655\n","  1.0695701  1.01495012 1.02088832]\n"," [1.00188255 1.0254208  1.0165069  1.05896811 1.09723636 1.0168663\n","  1.02341834 1.02849389 1.02076218]\n"," [1.01795123 1.06603068 1.03670527 1.0210918  1.07683899 1.01457552\n","  1.02422829 1.06898624 1.08731166]\n"," [1.04206383 1.08656529 1.01212616 1.02827752 1.09363473 1.08737657\n","  1.02229772 1.09531982 1.00734589]\n"," [1.06762932 1.09185902 1.04137395 1.03275194 1.08526154 1.08895146\n","  1.04796655 1.09265024 1.04438581]\n"," [1.00008502 1.01833451 1.07927703 1.09945053 1.05122466 1.04363255\n","  1.05817769 1.01731713 1.09556812]\n"," [1.03946946 1.00573689 1.06663984 1.08318368 1.02455846 1.00786351\n","  1.00560752 1.03691824 1.05892082]\n"," [1.0339901  1.03075175 1.03322323 1.08756642 1.01207695 1.01654086\n","  1.08642602 1.08069558 1.09194497]\n"," [1.03894383 1.03120771 1.03075723 1.00692777 1.05349504 1.04239442\n","  1.04335885 1.00711866 1.00144948]\n"," [1.04238687 1.07008863 1.03961861 1.00819126 1.01552854 1.07892221\n","  1.08283546 1.00018149 1.00860632]\n"," [1.08064157 1.06520622 1.09599571 1.02021157 1.02975537 1.01237318\n","  1.01871253 1.00770496 1.00986045]\n"," [1.03349811 1.01662184 1.06113941 1.05811052 1.03388724 1.07385689\n","  1.09072838 1.04762318 1.02608619]\n"," [1.00539673 1.01009536 1.03907147 1.09527753 1.0959909  1.07734497\n","  1.0230434  1.09649239 1.024494  ]\n"," [1.08383133 1.02435202 1.05546355 1.00276168 1.08360714 1.04913461\n","  1.05334459 1.07831827 1.04516146]\n"," [1.00744051 1.05562575 1.09888037 1.02211231 1.07014985 1.0826\n","  1.01680473 1.06153075 1.06615255]\n"," [1.01790174 1.07501582 1.00950991 1.06448199 1.00165088 1.02957088\n","  1.06798352 1.02750752 1.08407362]\n"," [1.05955843 1.0575274  1.05616333 1.04591479 1.08022729 1.0299878\n","  1.04373366 1.03140241 1.04485348]\n"," [1.0618665  1.01050318 1.03742606 1.09875927 1.00911687 1.0963801\n","  1.02788336 1.01614345 1.03235791]\n"," [1.07909972 1.01225571 1.08873007 1.0334555  1.0465079  1.03119999\n","  1.06694992 1.04042318 1.00732303]\n"," [1.04852064 1.03309494 1.09742088 1.09858342 1.01792489 1.03785085\n","  1.07872767 1.0441474  1.09372509]\n"," [1.02350097 1.04585536 1.0893817  1.02518465 1.06071193 1.00892916\n","  1.04597762 1.01706306 1.00442332]\n"," [1.05534584 1.05381133 1.03866931 1.05272138 1.01287426 1.02117753\n","  1.0141937  1.01582433 1.00535739]\n"," [1.06583286 1.00698962 1.09023731 1.0019696  1.05338824 1.0384609\n","  1.06457245 1.00603287 1.06917382]\n"," [1.09925684 1.05767073 1.01513247 1.06987952 1.0055568  1.03714967\n","  1.06854092 1.060378   1.08677998]\n"," [1.0665707  1.028223   1.05775    1.00436748 1.0041845  1.00652138\n","  1.00474197 1.04368485 1.05711227]\n"," [1.09856286 1.01456049 1.02895654 1.07168229 1.01481911 1.03505085\n","  1.01704572 1.08103197 1.02637469]\n"," [1.06482706 1.00971738 1.01551279 1.02364387 1.02104983 1.066148\n","  1.0474658  1.08762417 1.07974891]\n"," [1.06149395 1.05491086 1.08297569 1.06119145 1.06960671 1.06121698\n","  1.04870774 1.00512858 1.03578894]\n"," [1.08163951 1.0094     1.08532182 1.00923522 1.01482888 1.01718068\n","  1.09932069 1.08302111 1.07642343]\n"," [1.06433815 1.0854204  1.06459308 1.03730393 1.00194521 1.0366402\n","  1.07574678 1.07408106 1.05413367]\n"," [1.08112962 1.03062474 1.05061408 1.04871935 1.09800432 1.00829809\n","  1.03058536 1.02097086 1.01428816]\n"," [1.01276916 1.05394738 1.09802584 1.04576999 1.09197264 1.00001485\n","  1.04821236 1.08081044 1.02089968]\n"," [1.0624757  1.08240426 1.091687   1.06237914 1.01711842 1.00679335\n","  1.08600377 1.0710079  1.03821667]]\n"]}],"source":["new_theta = lib.GLLiMParameters(L,D,K, \"full\", \"diag\")\n","print(type(new_theta))\n","\n","Gamma = np.ones((K,L,L)) + np.random.rand(K,L,L) * 0.1\n","Sigma = np.ones((K,D)) + np.random.rand(K,D) * 0.1\n","for k in range(K):\n","    Gamma[k] += np.eye(L) * 0.1\n","    Gamma[k] = np.dot(Gamma[k], Gamma[k].T) * 0.001\n","    # Sigma[k] += np.eye(D) * 0.1\n","    # Sigma[k] = np.dot(Sigma[k], Sigma[k].T) * 0.001\n","new_theta.Pi = Pi\n","new_theta.A = A * 3\n","new_theta.C = C * 2\n","new_theta.Gamma = Gamma\n","new_theta.B = B * 2\n","new_theta.Sigma = Sigma\n","print(gllim.getDimensions())\n","gllim.setParams(new_theta)\n","print(gllim.getDimensions()) # TODO ERROR GLLiM<TGamma,TSigma> dimensions are (L=4000838736, D=32766, K=4000837888)\n","theta = gllim.getParams()\n","print(theta.Pi)\n","print(theta.A)\n","print(theta.C)\n","print(theta.Gamma)\n","print(theta.B)\n","print(theta.Sigma)"]},{"cell_type":"code","execution_count":11,"metadata":{},"outputs":[{"name":"stdout","output_type":"stream","text":["[[0.02 0.02 0.02 0.02 0.02 0.02 0.02 0.02 0.02 0.02 0.02 0.02 0.02 0.02\n","  0.02 0.02 0.02 0.02 0.02 0.02 0.02 0.02 0.02 0.02 0.02 0.02 0.02 0.02\n","  0.02 0.02 0.02 0.02 0.02 0.02 0.02 0.02 0.02 0.02 0.02 0.02 0.02 0.02\n","  0.02 0.02 0.02 0.02 0.02 0.02 0.02 0.02]]\n","[[[0.00767434 0.00797319 0.00789052 ... 0.0075954  0.00815691 0.00783704]\n","  [0.00809359 0.00811229 0.00800514 ... 0.0079676  0.00783821 0.00769275]\n","  [0.0080464  0.00755432 0.00816927 ... 0.00781601 0.00752356 0.00762734]\n","  ...\n","  [0.00810578 0.00803066 0.00784803 ... 0.00796791 0.0078811  0.00766725]\n","  [0.00762579 0.00754225 0.00764154 ... 0.00804294 0.0076434  0.00777461]\n","  [0.00767828 0.00765309 0.00799249 ... 0.00809593 0.00809195 0.00802016]]\n","\n"," [[0.00775738 0.00817025 0.00781144 ... 0.00753729 0.00809238 0.00772069]\n","  [0.00818116 0.00831279 0.00792491 ... 0.00790665 0.00777621 0.00757854]\n","  [0.00813346 0.00774103 0.00808739 ... 0.00775622 0.00746404 0.0075141 ]\n","  ...\n","  [0.00819348 0.00822914 0.00776938 ... 0.00790695 0.00781875 0.00755342]\n","  [0.0077083  0.00772866 0.00756495 ... 0.00798141 0.00758293 0.00765918]\n","  [0.00776135 0.00784224 0.00791239 ... 0.008034   0.00802793 0.00790109]]\n","\n"," [[0.00780289 0.00792532 0.00781205 ... 0.00773205 0.00815334 0.00779818]\n","  [0.00822916 0.00806359 0.00792553 ... 0.00811095 0.00783478 0.00765461]\n","  [0.00818118 0.00750896 0.00808802 ... 0.00795663 0.00752027 0.00758952]\n","  ...\n","  [0.00824156 0.00798244 0.00776998 ... 0.00811126 0.00787765 0.00762924]\n","  [0.00775352 0.00749697 0.00756553 ... 0.00818764 0.00764005 0.00773606]\n","  [0.00780689 0.00760714 0.007913   ... 0.00824159 0.0080884  0.00798039]]\n","\n"," [[0.00769384 0.00812788 0.00789412 ... 0.00755578 0.00825763 0.00792664]\n","  [0.00811415 0.00826969 0.00800879 ... 0.00792605 0.007935   0.0077807 ]\n","  [0.00806684 0.00770088 0.00817299 ... 0.00777524 0.00761647 0.00771454]\n","  ...\n","  [0.00812637 0.00818647 0.00785161 ... 0.00792635 0.00797842 0.00775491]\n","  [0.00764516 0.00768858 0.00764502 ... 0.00800099 0.00773778 0.00786349]\n","  [0.00769778 0.00780157 0.00799613 ... 0.00805371 0.00819187 0.00811186]]]\n","[[54. 54. 54. 54. 54. 54. 54. 54. 54. 54. 54. 54. 54. 54. 54. 54. 54. 54.\n","  54. 54. 54. 54. 54. 54. 54. 54. 54. 54. 54. 54. 54. 54. 54. 54. 54. 54.\n","  54. 54. 54. 54. 54. 54. 54. 54. 54. 54. 54. 54. 54. 54.]\n"," [54. 54. 54. 54. 54. 54. 54. 54. 54. 54. 54. 54. 54. 54. 54. 54. 54. 54.\n","  54. 54. 54. 54. 54. 54. 54. 54. 54. 54. 54. 54. 54. 54. 54. 54. 54. 54.\n","  54. 54. 54. 54. 54. 54. 54. 54. 54. 54. 54. 54. 54. 54.]\n"," [54. 54. 54. 54. 54. 54. 54. 54. 54. 54. 54. 54. 54. 54. 54. 54. 54. 54.\n","  54. 54. 54. 54. 54. 54. 54. 54. 54. 54. 54. 54. 54. 54. 54. 54. 54. 54.\n","  54. 54. 54. 54. 54. 54. 54. 54. 54. 54. 54. 54. 54. 54.]\n"," [54. 54. 54. 54. 54. 54. 54. 54. 54. 54. 54. 54. 54. 54. 54. 54. 54. 54.\n","  54. 54. 54. 54. 54. 54. 54. 54. 54. 54. 54. 54. 54. 54. 54. 54. 54. 54.\n","  54. 54. 54. 54. 54. 54. 54. 54. 54. 54. 54. 54. 54. 54.]\n"," [54. 54. 54. 54. 54. 54. 54. 54. 54. 54. 54. 54. 54. 54. 54. 54. 54. 54.\n","  54. 54. 54. 54. 54. 54. 54. 54. 54. 54. 54. 54. 54. 54. 54. 54. 54. 54.\n","  54. 54. 54. 54. 54. 54. 54. 54. 54. 54. 54. 54. 54. 54.]\n"," [54. 54. 54. 54. 54. 54. 54. 54. 54. 54. 54. 54. 54. 54. 54. 54. 54. 54.\n","  54. 54. 54. 54. 54. 54. 54. 54. 54. 54. 54. 54. 54. 54. 54. 54. 54. 54.\n","  54. 54. 54. 54. 54. 54. 54. 54. 54. 54. 54. 54. 54. 54.]\n"," [54. 54. 54. 54. 54. 54. 54. 54. 54. 54. 54. 54. 54. 54. 54. 54. 54. 54.\n","  54. 54. 54. 54. 54. 54. 54. 54. 54. 54. 54. 54. 54. 54. 54. 54. 54. 54.\n","  54. 54. 54. 54. 54. 54. 54. 54. 54. 54. 54. 54. 54. 54.]\n"," [54. 54. 54. 54. 54. 54. 54. 54. 54. 54. 54. 54. 54. 54. 54. 54. 54. 54.\n","  54. 54. 54. 54. 54. 54. 54. 54. 54. 54. 54. 54. 54. 54. 54. 54. 54. 54.\n","  54. 54. 54. 54. 54. 54. 54. 54. 54. 54. 54. 54. 54. 54.]\n"," [54. 54. 54. 54. 54. 54. 54. 54. 54. 54. 54. 54. 54. 54. 54. 54. 54. 54.\n","  54. 54. 54. 54. 54. 54. 54. 54. 54. 54. 54. 54. 54. 54. 54. 54. 54. 54.\n","  54. 54. 54. 54. 54. 54. 54. 54. 54. 54. 54. 54. 54. 54.]]\n","[[[1.74109336 0.67359663 0.67359663 ... 0.67359663 0.67359663 0.67359663]\n","  [0.67359663 1.68579679 0.67359663 ... 0.67359663 0.67359663 0.67359663]\n","  [0.67359663 0.67359663 1.69173329 ... 0.67359663 0.67359663 0.67359663]\n","  ...\n","  [0.67359663 0.67359663 0.67359663 ... 1.68427476 0.67359663 0.67359663]\n","  [0.67359663 0.67359663 0.67359663 ... 0.67359663 1.74789044 0.67359663]\n","  [0.67359663 0.67359663 0.67359663 ... 0.67359