{"cells":[{"cell_type":"code","execution_count":1,"metadata":{"metadata":{}},"outputs":[],"source":["import newkernelo as lib\n","import kernelo as oldker\n","import numpy as np\n","import time\n","import os.path\n","import json\n","import logging\n","logging.getLogger().setLevel(logging.INFO)"]},{"cell_type":"code","execution_count":2,"metadata":{},"outputs":[{"name":"stdout","output_type":"stream","text":["<class 'newkernelo._GLLiM_full_diag'>\n","(50, 4, 4)\n","GLLiM Parameters initialized\n","GLLiM dimensions are (L=4, D=9, K=50)\n","GLLiM constraints are :\n","\tgamma_type = 'full',\n","\tsigma_type = 'diag'.\n"]}],"source":["L = 4\n","D = 9\n","K = 50\n","\n","gllim = lib.GLLiM(L,D,K, gamma_type='full', sigma_type='diag')\n","print(type(gllim))\n","gllim.getDimensions()\n","gllim.getConstraints()\n","gllim.getParamPi()\n","gllim.getParamGamma()\n","print(gllim.getParamGamma().shape)\n"]},{"cell_type":"code","execution_count":3,"metadata":{},"outputs":[{"data":{"text/plain":["<newkernelo._GLLiM_full_diag at 0x7a307d3e13f0>"]},"execution_count":3,"metadata":{},"output_type":"execute_result"},{"name":"stdout","output_type":"stream","text":["GLLiM Parameters initialized\n","GLLiM dimensions are (L=4, D=9, K=50)\n","GLLiM constraints are :\n","\tgamma_type = 'full',\n","\tsigma_type = 'full'.\n"]}],"source":["lib._GLLiM_full_diag(L,D,K, gamma_type='full', sigma_type='full')"]},{"cell_type":"code","execution_count":4,"metadata":{},"outputs":[{"name":"stdout","output_type":"stream","text":["GLLiM dimensions are (L=4, D=9, K=50)\n"]},{"data":{"text/plain":["(50, 4, 4)"]},"execution_count":4,"metadata":{},"output_type":"execute_result"}],"source":["print(gllim.getDimensions())\n","gllim.getParams()\n","gllim.getParamGamma().shape"]},{"cell_type":"code","execution_count":5,"metadata":{},"outputs":[{"name":"stdout","output_type":"stream","text":["[[0. 0. 0. 0. 0. 0. 0. 0. 0. 0. 0. 0. 0. 0. 0. 0. 0. 0. 0. 0. 0. 0. 0. 0.\n","  0. 0. 0. 0. 0. 0. 0. 0. 0. 0. 0. 0. 0. 0. 0. 0. 0. 0. 0. 0. 0. 0. 0. 0.\n","  0. 0.]]\n","(9, 4, 50)\n","GLLiM dimensions are (L=4, D=9, K=50)\n"]}],"source":["theta = gllim.getParams()\n","print(theta.Pi)\n","print(theta.A.shape)\n","# print(theta.L)\n","print(gllim.getDimensions())"]},{"cell_type":"code","execution_count":6,"metadata":{},"outputs":[{"name":"stdout","output_type":"stream","text":["GLLiM dimensions are (L=4, D=9, K=50)\n"]}],"source":["gllim.getParams()\n","gllim.getParamPi()\n","gllim.getParamA()\n","gllim.getParamC()\n","gllim.getParamGamma()\n","gllim.getParamB()\n","gllim.getParamSigma()\n","print(gllim.getDimensions())"]},{"cell_type":"code","execution_count":7,"metadata":{},"outputs":[{"name":"stdout","output_type":"stream","text":["GLLiM dimensions are (L=4, D=9, K=50)\n"]}],"source":["gllim.getInverse().C\n","print(gllim.getDimensions())"]},{"cell_type":"code","execution_count":8,"metadata":{},"outputs":[{"name":"stdout","output_type":"stream","text":["(50, 4, 4)\n","[[0.02 0.02 0.02 0.02 0.02 0.02 0.02 0.02 0.02 0.02 0.02 0.02 0.02 0.02\n","  0.02 0.02 0.02 0.02 0.02 0.02 0.02 0.02 0.02 0.02 0.02 0.02 0.02 0.02\n","  0.02 0.02 0.02 0.02 0.02 0.02 0.02 0.02 0.02 0.02 0.02 0.02 0.02 0.02\n","  0.02 0.02 0.02 0.02 0.02 0.02 0.02 0.02]]\n","[[[1. 1. 1. ... 1. 1. 1.]\n","  [1. 1. 1. ... 1. 1. 1.]\n","  [1. 1. 1. ... 1. 1. 1.]\n","  [1. 1. 1. ... 1. 1. 1.]]\n","\n"," [[1. 1. 1. ... 1. 1. 1.]\n","  [1. 1. 1. ... 1. 1. 1.]\n","  [1. 1. 1. ... 1. 1. 1.]\n","  [1. 1. 1. ... 1. 1. 1.]]\n","\n"," [[1. 1. 1. ... 1. 1. 1.]\n","  [1. 1. 1. ... 1. 1. 1.]\n","  [1. 1. 1. ... 1. 1. 1.]\n","  [1. 1. 1. ... 1. 1. 1.]]\n","\n"," ...\n","\n"," [[1. 1. 1. ... 1. 1. 1.]\n","  [1. 1. 1. ... 1. 1. 1.]\n","  [1. 1. 1. ... 1. 1. 1.]\n","  [1. 1. 1. ... 1. 1. 1.]]\n","\n"," [[1. 1. 1. ... 1. 1. 1.]\n","  [1. 1. 1. ... 1. 1. 1.]\n","  [1. 1. 1. ... 1. 1. 1.]\n","  [1. 1. 1. ... 1. 1. 1.]]\n","\n"," [[1. 1. 1. ... 1. 1. 1.]\n","  [1. 1. 1. ... 1. 1. 1.]\n","  [1. 1. 1. ... 1. 1. 1.]\n","  [1. 1. 1. ... 1. 1. 1.]]]\n","[[2. 2. 2. 2. 2. 2. 2. 2. 2. 2. 2. 2. 2. 2. 2. 2. 2. 2. 2. 2. 2. 2. 2. 2.\n","  2. 2. 2. 2. 2. 2. 2. 2. 2. 2. 2. 2. 2. 2. 2. 2. 2. 2. 2. 2. 2. 2. 2. 2.\n","  2. 2.]\n"," [2. 2. 2. 2. 2. 2. 2. 2. 2. 2. 2. 2. 2. 2. 2. 2. 2. 2. 2. 2. 2. 2. 2. 2.\n","  2. 2. 2. 2. 2. 2. 2. 2. 2. 2. 2. 2. 2. 2. 2. 2. 2. 2. 2. 2. 2. 2. 2. 2.\n","  2. 2.]\n"," [2. 2. 2. 2. 2. 2. 2. 2. 2. 2. 2. 2. 2. 2. 2. 2. 2. 2. 2. 2. 2. 2. 2. 2.\n","  2. 2. 2. 2. 2. 2. 2. 2. 2. 2. 2. 2. 2. 2. 2. 2. 2. 2. 2. 2. 2. 2. 2. 2.\n","  2. 2.]\n"," [2. 2. 2. 2. 2. 2. 2. 2. 2. 2. 2. 2. 2. 2. 2. 2. 2. 2. 2. 2. 2. 2. 2. 2.\n","  2. 2. 2. 2. 2. 2. 2. 2. 2. 2. 2. 2. 2. 2. 2. 2. 2. 2. 2. 2. 2. 2. 2. 2.\n","  2. 2.]]\n","[[[0.2 0.2 0.2 0.2]\n","  [0.2 0.2 0.2 0.2]\n","  [0.2 0.2 0.2 0.2]\n","  [0.2 0.2 0.2 0.2]]\n","\n"," [[0.2 0.2 0.2 0.2]\n","  [0.2 0.2 0.2 0.2]\n","  [0.2 0.2 0.2 0.2]\n","  [0.2 0.2 0.2 0.2]]\n","\n"," [[0.2 0.2 0.2 0.2]\n","  [0.2 0.2 0.2 0.2]\n","  [0.2 0.2 0.2 0.2]\n","  [0.2 0.2 0.2 0.2]]\n","\n"," [[0.2 0.2 0.2 0.2]\n","  [0.2 0.2 0.2 0.2]\n","  [0.2 0.2 0.2 0.2]\n","  [0.2 0.2 0.2 0.2]]\n","\n"," [[0.2 0.2 0.2 0.2]\n","  [0.2 0.2 0.2 0.2]\n","  [0.2 0.2 0.2 0.2]\n","  [0.2 0.2 0.2 0.2]]\n","\n"," [[0.2 0.2 0.2 0.2]\n","  [0.2 0.2 0.2 0.2]\n","  [0.2 0.2 0.2 0.2]\n","  [0.2 0.2 0.2 0.2]]\n","\n"," [[0.2 0.2 0.2 0.2]\n","  [0.2 0.2 0.2 0.2]\n","  [0.2 0.2 0.2 0.2]\n","  [0.2 0.2 0.2 0.2]]\n","\n"," [[0.2 0.2 0.2 0.2]\n","  [0.2 0.2 0.2 0.2]\n","  [0.2 0.2 0.2 0.2]\n","  [0.2 0.2 0.2 0.2]]\n","\n"," [[0.2 0.2 0.2 0.2]\n","  [0.2 0.2 0.2 0.2]\n","  [0.2 0.2 0.2 0.2]\n","  [0.2 0.2 0.2 0.2]]\n","\n"," [[0.2 0.2 0.2 0.2]\n","  [0.2 0.2 0.2 0.2]\n","  [0.2 0.2 0.2 0.2]\n","  [0.2 0.2 0.2 0.2]]\n","\n"," [[0.2 0.2 0.2 0.2]\n","  [0.2 0.2 0.2 0.2]\n","  [0.2 0.2 0.2 0.2]\n","  [0.2 0.2 0.2 0.2]]\n","\n"," [[0.2 0.2 0.2 0.2]\n","  [0.2 0.2 0.2 0.2]\n","  [0.2 0.2 0.2 0.2]\n","  [0.2 0.2 0.2 0.2]]\n","\n"," [[0.2 0.2 0.2 0.2]\n","  [0.2 0.2 0.2 0.2]\n","  [0.2 0.2 0.2 0.2]\n","  [0.2 0.2 0.2 0.2]]\n","\n"," [[0.2 0.2 0.2 0.2]\n","  [0.2 0.2 0.2 0.2]\n","  [0.2 0.2 0.2 0.2]\n","  [0.2 0.2 0.2 0.2]]\n","\n"," [[0.2 0.2 0.2 0.2]\n","  [0.2 0.2 0.2 0.2]\n","  [0.2 0.2 0.2 0.2]\n","  [0.2 0.2 0.2 0.2]]\n","\n"," [[0.2 0.2 0.2 0.2]\n","  [0.2 0.2 0.2 0.2]\n","  [0.2 0.2 0.2 0.2]\n","  [0.2 0.2 0.2 0.2]]\n","\n"," [[0.2 0.2 0.2 0.2]\n","  [0.2 0.2 0.2 0.2]\n","  [0.2 0.2 0.2 0.2]\n","  [0.2 0.2 0.2 0.2]]\n","\n"," [[0.2 0.2 0.2 0.2]\n","  [0.2 0.2 0.2 0.2]\n","  [0.2 0.2 0.2 0.2]\n","  [0.2 0.2 0.2 0.2]]\n","\n"," [[0.2 0.2 0.2 0.2]\n","  [0.2 0.2 0.2 0.2]\n","  [0.2 0.2 0.2 0.2]\n","  [0.2 0.2 0.2 0.2]]\n","\n"," [[0.2 0.2 0.2 0.2]\n","  [0.2 0.2 0.2 0.2]\n","  [0.2 0.2 0.2 0.2]\n","  [0.2 0.2 0.2 0.2]]\n","\n"," [[0.2 0.2 0.2 0.2]\n","  [0.2 0.2 0.2 0.2]\n","  [0.2 0.2 0.2 0.2]\n","  [0.2 0.2 0.2 0.2]]\n","\n"," [[0.2 0.2 0.2 0.2]\n","  [0.2 0.2 0.2 0.2]\n","  [0.2 0.2 0.2 0.2]\n","  [0.2 0.2 0.2 0.2]]\n","\n"," [[0.2 0.2 0.2 0.2]\n","  [0.2 0.2 0.2 0.2]\n","  [0.2 0.2 0.2 0.2]\n","  [0.2 0.2 0.2 0.2]]\n","\n"," [[0.2 0.2 0.2 0.2]\n","  [0.2 0.2 0.2 0.2]\n","  [0.2 0.2 0.2 0.2]\n","  [0.2 0.2 0.2 0.2]]\n","\n"," [[0.2 0.2 0.2 0.2]\n","  [0.2 0.2 0.2 0.2]\n","  [0.2 0.2 0.2 0.2]\n","  [0.2 0.2 0.2 0.2]]\n","\n"," [[0.2 0.2 0.2 0.2]\n","  [0.2 0.2 0.2 0.2]\n","  [0.2 0.2 0.2 0.2]\n","  [0.2 0.2 0.2 0.2]]\n","\n"," [[0.2 0.2 0.2 0.2]\n","  [0.2 0.2 0.2 0.2]\n","  [0.2 0.2 0.2 0.2]\n","  [0.2 0.2 0.2 0.2]]\n","\n"," [[0.2 0.2 0.2 0.2]\n","  [0.2 0.2 0.2 0.2]\n","  [0.2 0.2 0.2 0.2]\n","  [0.2 0.2 0.2 0.2]]\n","\n"," [[0.2 0.2 0.2 0.2]\n","  [0.2 0.2 0.2 0.2]\n","  [0.2 0.2 0.2 0.2]\n","  [0.2 0.2 0.2 0.2]]\n","\n"," [[0.2 0.2 0.2 0.2]\n","  [0.2 0.2 0.2 0.2]\n","  [0.2 0.2 0.2 0.2]\n","  [0.2 0.2 0.2 0.2]]\n","\n"," [[0.2 0.2 0.2 0.2]\n","  [0.2 0.2 0.2 0.2]\n","  [0.2 0.2 0.2 0.2]\n","  [0.2 0.2 0.2 0.2]]\n","\n"," [[0.2 0.2 0.2 0.2]\n","  [0.2 0.2 0.2 0.2]\n","  [0.2 0.2 0.2 0.2]\n","  [0.2 0.2 0.2 0.2]]\n","\n"," [[0.2 0.2 0.2 0.2]\n","  [0.2 0.2 0.2 0.2]\n","  [0.2 0.2 0.2 0.2]\n","  [0.2 0.2 0.2 0.2]]\n","\n"," [[0.2 0.2 0.2 0.2]\n","  [0.2 0.2 0.2 0.2]\n","  [0.2 0.2 0.2 0.2]\n","  [0.2 0.2 0.2 0.2]]\n","\n"," [[0.2 0.2 0.2 0.2]\n","  [0.2 0.2 0.2 0.2]\n","  [0.2 0.2 0.2 0.2]\n","  [0.2 0.2 0.2 0.2]]\n","\n"," [[0.2 0.2 0.2 0.2]\n","  [0.2 0.2 0.2 0.2]\n","  [0.2 0.2 0.2 0.2]\n","  [0.2 0.2 0.2 0.2]]\n","\n"," [[0.2 0.2 0.2 0.2]\n","  [0.2 0.2 0.2 0.2]\n","  [0.2 0.2 0.2 0.2]\n","  [0.2 0.2 0.2 0.2]]\n","\n"," [[0.2 0.2 0.2 0.2]\n","  [0.2 0.2 0.2 0.2]\n","  [0.2 0.2 0.2 0.2]\n","  [0.2 0.2 0.2 0.2]]\n","\n"," [[0.2 0.2 0.2 0.2]\n","  [0.2 0.2 0.2 0.2]\n","  [0.2 0.2 0.2 0.2]\n","  [0.2 0.2 0.2 0.2]]\n","\n"," [[0.2 0.2 0.2 0.2]\n","  [0.2 0.2 0.2 0.2]\n","  [0.2 0.2 0.2 0.2]\n","  [0.2 0.2 0.2 0.2]]\n","\n"," [[0.2 0.2 0.2 0.2]\n","  [0.2 0.2 0.2 0.2]\n","  [0.2 0.2 0.2 0.2]\n","  [0.2 0.2 0.2 0.2]]\n","\n"," [[0.2 0.2 0.2 0.2]\n","  [0.2 0.2 0.2 0.2]\n","  [0.2 0.2 0.2 0.2]\n","  [0.2 0.2 0.2 0.2]]\n","\n"," [[0.2 0.2 0.2 0.2]\n","  [0.2 0.2 0.2 0.2]\n","  [0.2 0.2 0.2 0.2]\n","  [0.2 0.2 0.2 0.2]]\n","\n"," [[0.2 0.2 0.2 0.2]\n","  [0.2 0.2 0.2 0.2]\n","  [0.2 0.2 0.2 0.2]\n","  [0.2 0.2 0.2 0.2]]\n","\n"," [[0.2 0.2 0.2 0.2]\n","  [0.2 0.2 0.2 0.2]\n","  [0.2 0.2 0.2 0.2]\n","  [0.2 0.2 0.2 0.2]]\n","\n"," [[0.2 0.2 0.2 0.2]\n","  [0.2 0.2 0.2 0.2]\n","  [0.2 0.2 0.2 0.2]\n","  [0.2 0.2 0.2 0.2]]\n","\n"," [[0.2 0.2 0.2 0.2]\n","  [0.2 0.2 0.2 0.2]\n","  [0.2 0.2 0.2 0.2]\n","  [0.2 0.2 0.2 0.2]]\n","\n"," [[0.2 0.2 0.2 0.2]\n","  [0.2 0.2 0.2 0.2]\n","  [0.2 0.2 0.2 0.2]\n","  [0.2 0.2 0.2 0.2]]\n","\n"," [[0.2 0.2 0.2 0.2]\n","  [0.2 0.2 0.2 0.2]\n","  [0.2 0.2 0.2 0.2]\n","  [0.2 0.2 0.2 0.2]]\n","\n"," [[0.2 0.2 0.2 0.2]\n","  [0.2 0.2 0.2 0.2]\n","  [0.2 0.2 0.2 0.2]\n","  [0.2 0.2 0.2 0.2]]]\n","[[3. 3. 3. 3. 3. 3. 3. 3. 3. 3. 3. 3. 3. 3. 3. 3. 3. 3. 3. 3. 3. 3. 3. 3.\n","  3. 3. 3. 3. 3. 3. 3. 3. 3. 3. 3. 3. 3. 3. 3. 3. 3. 3. 3. 3. 3. 3. 3. 3.\n","  3. 3.]\n"," [3. 3. 3. 3. 3. 3. 3. 3. 3. 3. 3. 3. 3. 3. 3. 3. 3. 3. 3. 3. 3. 3. 3. 3.\n","  3. 3. 3. 3. 3. 3. 3. 3. 3. 3. 3. 3. 3. 3. 3. 3. 3. 3. 3. 3. 3. 3. 3. 3.\n","  3. 3.]\n"," [3. 3. 3. 3. 3. 3. 3. 3. 3. 3. 3. 3. 3. 3. 3. 3. 3. 3. 3. 3. 3. 3. 3. 3.\n","  3. 3. 3. 3. 3. 3. 3. 3. 3. 3. 3. 3. 3. 3. 3. 3. 3. 3. 3. 3. 3. 3. 3. 3.\n","  3. 3.]\n"," [3. 3. 3. 3. 3. 3. 3. 3. 3. 3. 3. 3. 3. 3. 3. 3. 3. 3. 3. 3. 3. 3. 3. 3.\n","  3. 3. 3. 3. 3. 3. 3. 3. 3. 3. 3. 3. 3. 3. 3. 3. 3. 3. 3. 3. 3. 3. 3. 3.\n","  3. 3.]\n"," [3. 3. 3. 3. 3. 3. 3. 3. 3. 3. 3. 3. 3. 3. 3. 3. 3. 3. 3. 3. 3. 3. 3. 3.\n","  3. 3. 3. 3. 3. 3. 3. 3. 3. 3. 3. 3. 3. 3. 3. 3. 3. 3. 3. 3. 3. 3. 3. 3.\n","  3. 3.]\n"," [3. 3. 3. 3. 3. 3. 3. 3. 3. 3. 3. 3. 3. 3. 3. 3. 3. 3. 3. 3. 3. 3. 3. 3.\n","  3. 3. 3. 3. 3. 3. 3. 3. 3. 3. 3. 3. 3. 3. 3. 3. 3. 3. 3. 3. 3. 3. 3. 3.\n","  3. 3.]\n"," [3. 3. 3. 3. 3. 3. 3. 3. 3. 3. 3. 3. 3. 3. 3. 3. 3. 3. 3. 3. 3. 3. 3. 3.\n","  3. 3. 3. 3. 3. 3. 3. 3. 3. 3. 3. 3. 3. 3. 3. 3. 3. 3. 3. 3. 3. 3. 3. 3.\n","  3. 3.]\n"," [3. 3. 3. 3. 3. 3. 3. 3. 3. 3. 3. 3. 3. 3. 3. 3. 3. 3. 3. 3. 3. 3. 3. 3.\n","  3. 3. 3. 3. 3. 3. 3. 3. 3. 3. 3. 3. 3. 3. 3. 3. 3. 3. 3. 3. 3. 3. 3. 3.\n","  3. 3.]\n"," [3. 3. 3. 3. 3. 3. 3. 3. 3. 3. 3. 3. 3. 3. 3. 3. 3. 3. 3. 3. 3. 3. 3. 3.\n","  3. 3. 3. 3. 3. 3. 3. 3. 3. 3. 3. 3. 3. 3. 3. 3. 3. 3. 3. 3. 3. 3. 3. 3.\n","  3. 3.]]\n","[[0.3 0.3 0.3 0.3 0.3 0.3 0.3 0.3 0.3]\n"," [0.3 0.3 0.3 0.3 0.3 0.3 0.3 0.3 0.3]\n"," [0.3 0.3 0.3 0.3 0.3 0.3 0.3 0.3 0.3]\n"," [0.3 0.3 0.3 0.3 0.3 0.3 0.3 0.3 0.3]\n"," [0.3 0.3 0.3 0.3 0.3 0.3 0.3 0.3 0.3]\n"," [0.3 0.3 0.3 0.3 0.3 0.3 0.3 0.3 0.3]\n"," [0.3 0.3 0.3 0.3 0.3 0.3 0.3 0.3 0.3]\n"," [0.3 0.3 0.3 0.3 0.3 0.3 0.3 0.3 0.3]\n"," [0.3 0.3 0.3 0.3 0.3 0.3 0.3 0.3 0.3]\n"," [0.3 0.3 0.3 0.3 0.3 0.3 0.3 0.3 0.3]\n"," [0.3 0.3 0.3 0.3 0.3 0.3 0.3 0.3 0.3]\n"," [0.3 0.3 0.3 0.3 0.3 0.3 0.3 0.3 0.3]\n"," [0.3 0.3 0.3 0.3 0.3 0.3 0.3 0.3 0.3]\n"," [0.3 0.3 0.3 0.3 0.3 0.3 0.3 0.3 0.3]\n"," [0.3 0.3 0.3 0.3 0.3 0.3 0.3 0.3 0.3]\n"," [0.3 0.3 0.3 0.3 0.3 0.3 0.3 0.3 0.3]\n"," [0.3 0.3 0.3 0.3 0.3 0.3 0.3 0.3 0.3]\n"," [0.3 0.3 0.3 0.3 0.3 0.3 0.3 0.3 0.3]\n"," [0.3 0.3 0.3 0.3 0.3 0.3 0.3 0.3 0.3]\n"," [0.3 0.3 0.3 0.3 0.3 0.3 0.3 0.3 0.3]\n"," [0.3 0.3 0.3 0.3 0.3 0.3 0.3 0.3 0.3]\n"," [0.3 0.3 0.3 0.3 0.3 0.3 0.3 0.3 0.3]\n"," [0.3 0.3 0.3 0.3 0.3 0.3 0.3 0.3 0.3]\n"," [0.3 0.3 0.3 0.3 0.3 0.3 0.3 0.3 0.3]\n"," [0.3 0.3 0.3 0.3 0.3 0.3 0.3 0.3 0.3]\n"," [0.3 0.3 0.3 0.3 0.3 0.3 0.3 0.3 0.3]\n"," [0.3 0.3 0.3 0.3 0.3 0.3 0.3 0.3 0.3]\n"," [0.3 0.3 0.3 0.3 0.3 0.3 0.3 0.3 0.3]\n"," [0.3 0.3 0.3 0.3 0.3 0.3 0.3 0.3 0.3]\n"," [0.3 0.3 0.3 0.3 0.3 0.3 0.3 0.3 0.3]\n"," [0.3 0.3 0.3 0.3 0.3 0.3 0.3 0.3 0.3]\n"," [0.3 0.3 0.3 0.3 0.3 0.3 0.3 0.3 0.3]\n"," [0.3 0.3 0.3 0.3 0.3 0.3 0.3 0.3 0.3]\n"," [0.3 0.3 0.3 0.3 0.3 0.3 0.3 0.3 0.3]\n"," [0.3 0.3 0.3 0.3 0.3 0.3 0.3 0.3 0.3]\n"," [0.3 0.3 0.3 0.3 0.3 0.3 0.3 0.3 0.3]\n"," [0.3 0.3 0.3 0.3 0.3 0.3 0.3 0.3 0.3]\n"," [0.3 0.3 0.3 0.3 0.3 0.3 0.3 0.3 0.3]\n"," [0.3 0.3 0.3 0.3 0.3 0.3 0.3 0.3 0.3]\n"," [0.3 0.3 0.3 0.3 0.3 0.3 0.3 0.3 0.3]\n"," [0.3 0.3 0.3 0.3 0.3 0.3 0.3 0.3 0.3]\n"," [0.3 0.3 0.3 0.3 0.3 0.3 0.3 0.3 0.3]\n"," [0.3 0.3 0.3 0.3 0.3 0.3 0.3 0.3 0.3]\n"," [0.3 0.3 0.3 0.3 0.3 0.3 0.3 0.3 0.3]\n"," [0.3 0.3 0.3 0.3 0.3 0.3 0.3 0.3 0.3]\n"," [0.3 0.3 0.3 0.3 0.3 0.3 0.3 0.3 0.3]\n"," [0.3 0.3 0.3 0.3 0.3 0.3 0.3 0.3 0.3]\n"," [0.3 0.3 0.3 0.3 0.3 0.3 0.3 0.3 0.3]\n"," [0.3 0.3 0.3 0.3 0.3 0.3 0.3 0.3 0.3]\n"," [0.3 0.3 0.3 0.3 0.3 0.3 0.3 0.3 0.3]]\n","(50, 9)\n","GLLiM dimensions are (L=4, D=9, K=50)\n"]}],"source":["Pi = np.ones(K) * 1 / K\n","A = np.ones((D, L, K))\n","C = np.ones((L, K)) * 2\n","Gamma = np.ones((K,L, L)) * 0.2\n","B = np.ones((D, K)) * 3\n","Sigma = np.ones((K,D, D)) * 0.3\n","print(Gamma.shape)\n","gllim.setParamPi(Pi)\n","gllim.setParamA(A)\n","gllim.setParamC(C)\n","gllim.setParamGamma(Gamma)\n","gllim.setParamB(B)\n","gllim.setParamSigma(np.array(Sigma[:,:,0]))\n","\n","theta = gllim.getParams()\n","print(theta.Pi)\n","print(theta.A)\n","print(theta.C)\n","print(theta.Gamma)\n","print(theta.B)\n","print(theta.Sigma)\n","print(theta.Sigma.shape)\n","print(gllim.getDimensions())"]},{"cell_type":"code","execution_count":9,"metadata":{},"outputs":[{"name":"stdout","output_type":"stream","text":["GLLiM dimensions are (L=4, D=9, K=50)\n","GLLiM dimensions are (L=4, D=9, K=50)\n"]}],"source":["print(gllim.getDimensions())\n","gllim.getParams()\n","print(gllim.getDimensions())"]},{"cell_type":"code","execution_count":10,"metadata":{},"outputs":[{"name":"stdout","output_type":"stream","text":["<class 'newkernelo._GLLiMParameters_full_diag'>\n","GLLiM dimensions are (L=4, D=9, K=50)\n","GLLiM dimensions are (L=4, D=9, K=50)\n","[[0.02 0.02 0.02 0.02 0.02 0.02 0.02 0.02 0.02 0.02 0.02 0.02 0.02 0.02\n","  0.02 0.02 0.02 0.02 0.02 0.02 0.02 0.02 0.02 0.02 0.02 0.02 0.02 0.02\n","  0.02 0.02 0.02 0.02 0.02 0.02 0.02 0.02 0.02 0.02 0.02 0.02 0.02 0.02\n","  0.02 0.02 0.02 0.02 0.02 0.02 0.02 0.02]]\n","[[[3. 3. 3. ... 3. 3. 3.]\n","  [3. 3. 3. ... 3. 3. 3.]\n","  [3. 3. 3. ... 3. 3. 3.]\n","  [3. 3. 3. ... 3. 3. 3.]]\n","\n"," [[3. 3. 3. ... 3. 3. 3.]\n","  [3. 3. 3. ... 3. 3. 3.]\n","  [3. 3. 3. ... 3. 3. 3.]\n","  [3. 3. 3. ... 3. 3. 3.]]\n","\n"," [[3. 3. 3. ... 3. 3. 3.]\n","  [3. 3. 3. ... 3. 3. 3.]\n","  [3. 3. 3. ... 3. 3. 3.]\n","  [3. 3. 3. ... 3. 3. 3.]]\n","\n"," ...\n","\n"," [[3. 3. 3. ... 3. 3. 3.]\n","  [3. 3. 3. ... 3. 3. 3.]\n","  [3. 3. 3. ... 3. 3. 3.]\n","  [3. 3. 3. ... 3. 3. 3.]]\n","\n"," [[3. 3. 3. ... 3. 3. 3.]\n","  [3. 3. 3. ... 3. 3. 3.]\n","  [3. 3. 3. ... 3. 3. 3.]\n","  [3. 3. 3. ... 3. 3. 3.]]\n","\n"," [[3. 3. 3. ... 3. 3. 3.]\n","  [3. 3. 3. ... 3. 3. 3.]\n","  [3. 3. 3. ... 3. 3. 3.]\n","  [3. 3. 3. ... 3. 3. 3.]]]\n","[[4. 4. 4. 4. 4. 4. 4. 4. 4. 4. 4. 4. 4. 4. 4. 4. 4. 4. 4. 4. 4. 4. 4. 4.\n","  4. 4. 4. 4. 4. 4. 4. 4. 4. 4. 4. 4. 4. 4. 4. 4. 4. 4. 4. 4. 4. 4. 4. 4.\n","  4. 4.]\n"," [4. 4. 4. 4. 4. 4. 4. 4. 4. 4. 4. 4. 4. 4. 4. 4. 4. 4. 4. 4. 4. 4. 4. 4.\n","  4. 4. 4. 4. 4. 4. 4. 4. 4. 4. 4. 4. 4. 4. 4. 4. 4. 4. 4. 4. 4. 4. 4. 4.\n","  4. 4.]\n"," [4. 4. 4. 4. 4. 4. 4. 4. 4. 4. 4. 4. 4. 4. 4. 4. 4. 4. 4. 4. 4. 4. 4. 4.\n","  4. 4. 4. 4. 4. 4. 4. 4. 4. 4. 4. 4. 4. 4. 4. 4. 4. 4. 4. 4. 4. 4. 4. 4.\n","  4. 4.]\n"," [4. 4. 4. 4. 4. 4. 4. 4. 4. 4. 4. 4. 4. 4. 4. 4. 4. 4. 4. 4. 4. 4. 4. 4.\n","  4. 4. 4. 4. 4. 4. 4. 4. 4. 4. 4. 4. 4. 4. 4. 4. 4. 4. 4. 4. 4. 4. 4. 4.\n","  4. 4.]]\n","[[[0.00463778 0.00466455 0.00466999 0.00459489]\n","  [0.00466455 0.00472691 0.00471576 0.00464048]\n","  [0.00466999 0.00471576 0.00471952 0.00463837]\n","  [0.00459489 0.00464048 0.00463837 0.00456716]]\n","\n"," [[0.00446197 0.00453803 0.00449781 0.00460535]\n","  [0.00453803 0.00466417 0.00458891 0.00470477]\n","  [0.00449781 0.00458891 0.00456127 0.00466322]\n","  [0.00460535 0.00470477 0.00466322 0.00478978]]\n","\n"," [[0.0045256  0.00453866 0.0047     0.0044678 ]\n","  [0.00453866 0.00460808 0.00474314 0.00450521]\n","  [0.0047     0.00474314 0.00491782 0.00466175]\n","  [0.0044678  0.00450521 0.00466175 0.00443468]]\n","\n"," [[0.00459763 0.00460812 0.00453741 0.00463078]\n","  [0.00460812 0.00467481 0.00456437 0.00468669]\n","  [0.00453741 0.00456437 0.0045215  0.00459895]\n","  [0.00463078 0.00468669 0.00459895 0.00471885]]\n","\n"," [[0.00488658 0.00470607 0.00490288 0.004891  ]\n","  [0.00470607 0.00456064 0.00474037 0.00472714]\n","  [0.00490288 0.00474037 0.00493807 0.00492035]\n","  [0.004891   0.00472714 0.00492035 0.00493059]]\n","\n"," [[0.00469017 0.00466104 0.0046392  0.00454192]\n","  [0.00466104 0.00464905 0.00461392 0.00452354]\n","  [0.0046392  0.00461392 0.00459744 0.00449239]\n","  [0.00454192 0.00452354 0.00449239 0.00441355]]\n","\n"," [[0.00446095 0.00458589 0.00443062 0.0046317 ]\n","  [0.00458589 0.00472981 0.00457441 0.00476885]\n","  [0.00443062 0.00457441 0.00444369 0.00461317]\n","  [0.0046317  0.00476885 0.00461317 0.00482662]]\n","\n"," [[0.004579   0.00466169 0.00466617 0.00457507]\n","  [0.00466169 0.00478699 0.00476866 0.00467629]\n","  [0.00466617 0.00476866 0.00477506 0.00467492]\n","  [0.00457507 0.00467629 0.00467492 0.00460869]]\n","\n"," [[0.00473483 0.0047754  0.00463598 0.00460073]\n","  [0.0047754  0.00484064 0.00468953 0.00464618]\n","  [0.00463598 0.00468953 0.00456686 0.00450848]\n","  [0.00460073 0.00464618 0.00450848 0.00449939]]\n","\n"," [[0.00459925 0.00462744 0.00465102 0.00456022]\n","  [0.00462744 0.00467372 0.00469694 0.00458875]\n","  [0.00465102 0.00469694 0.00474425 0.00462619]\n","  [0.00456022 0.00458875 0.00462619 0.00453317]]\n","\n"," [[0.00451142 0.00443752 0.00448479 0.00461032]\n","  [0.00443752 0.00438728 0.004422   0.00454003]\n","  [0.00448479 0.004422   0.00448492 0.00458904]\n","  [0.00461032 0.00454003 0.00458904 0.0047441 ]]\n","\n"," [[0.00477981 0.00475465 0.00479454 0.00474767]\n","  [0.00475465 0.0047593  0.00478673 0.00473048]\n","  [0.00479454 0.00478673 0.0048338  0.00477325]\n","  [0.00474767 0.00473048 0.00477325 0.00473028]]\n","\n"," [[0.00467892 0.00473844 0.00469539 0.00464358]\n","  [0.00473844 0.0048339  0.00476852 0.00470317]\n","  [0.00469539 0.00476852 0.00473476 0.00467082]\n","  [0.00464358 0.00470317 0.00467082 0.00464218]]\n","\n"," [[0.00458563 0.0045946  0.00461547 0.00461164]\n","  [0.0045946  0.0046484  0.00464204 0.00465083]\n","  [0.00461547 0.00464204 0.00468387 0.00465659]\n","  [0.00461164 0.00465083 0.00465659 0.00468567]]\n","\n"," [[0.00465193 0.00460955 0.00456712 0.00474459]\n","  [0.00460955 0.0045889  0.00451959 0.00470738]\n","  [0.00456712 0.00451959 0.00449993 0.00466206]\n","  [0.00474459 0.00470738 0.00466206 0.00485862]]\n","\n"," [[0.00468661 0.00461467 0.00461997 0.00466124]\n","  [0.00461467 0.00455136 0.00455275 0.00459819]\n","  [0.00461997 0.00455275 0.00460048 0.00461043]\n","  [0.00466124 0.00459819 0.00461043 0.00468217]]\n","\n"," [[0.00451821 0.00455825 0.00459528 0.00451164]\n","  [0.00455825 0.00461136 0.00463825 0.00455948]\n","  [0.00459528 0.00463825 0.00469787 0.00460457]\n","  [0.00451164 0.00455948 0.00460457 0.00452319]]\n","\n"," [[0.00437802 0.004514   0.00450602 0.00449966]\n","  [0.004514   0.0046644  0.00464828 0.00464667]\n","  [0.00450602 0.00464828 0.00465013 0.00464003]\n","  [0.00449966 0.00464667 0.00464003 0.0046444 ]]\n","\n"," [[0.00478686 0.00472355 0.00474126 0.00471292]\n","  [0.00472355 0.00467222 0.00468965 0.0046433 ]\n","  [0.00474126 0.00468965 0.00472809 0.00467416]\n","  [0.00471292 0.0046433  0.00467416 0.0046651 ]]\n","\n"," [[0.00479335 0.00475742 0.0047935  0.00459145]\n","  [0.00475742 0.00472708 0.00476301 0.0045618 ]\n","  [0.0047935  0.00476301 0.00481554 0.00460243]\n","  [0.00459145 0.0045618  0.00460243 0.00441552]]\n","\n"," [[0.00486025 0.00466667 0.00472529 0.00468933]\n","  [0.00466667 0.00449823 0.00454592 0.00449893]\n","  [0.00472529 0.00454592 0.00461471 0.00456992]\n","  [0.00468933 0.00449893 0.00456992 0.00455262]]\n","\n"," [[0.00451854 0.0044798  0.00455733 0.00453469]\n","  [0.0044798  0.00447181 0.00453136 0.00451432]\n","  [0.00455733 0.00453136 0.00462177 0.00457515]\n","  [0.00453469 0.00451432 0.00457515 0.00457228]]\n","\n"," [[0.00473288 0.00465178 0.00460466 0.00472711]\n","  [0.00465178 0.00458056 0.00453938 0.00465543]\n","  [0.00460466 0.00453938 0.00450721 0.00461227]\n","  [0.00472711 0.00465543 0.00461227 0.00475108]]\n","\n"," [[0.00482407 0.00465273 0.00473684 0.00475186]\n","  [0.00465273 0.00449861 0.00457056 0.00459309]\n","  [0.00473684 0.00457056 0.00467437 0.00466783]\n","  [0.00475186 0.00459309 0.00466783 0.00469892]]\n","\n"," [[0.00472792 0.00454398 0.00460052 0.00466722]\n","  [0.00454398 0.00437201 0.0044258  0.00448484]\n","  [0.00460052 0.0044258  0.00448898 0.00454772]\n","  [0.00466722 0.00448484 0.00454772 0.00461888]]\n","\n"," [[0.0047135  0.00470349 0.00466396 0.00459254]\n","  [0.00470349 0.00474323 0.00468048 0.00460306]\n","  [0.00466396 0.00468048 0.00464747 0.00456936]\n","  [0.00459254 0.00460306 0.00456936 0.00449888]]\n","\n"," [[0.00485339 0.00478368 0.0047786  0.00465059]\n","  [0.00478368 0.00472048 0.0047146  0.00459284]\n","  [0.0047786  0.0047146  0.00472239 0.00459031]\n","  [0.00465059 0.00459284 0.00459031 0.00449686]]\n","\n"," [[0.0047398  0.00458976 0.00458502 0.00482675]\n","  [0.00458976 0.00448102 0.00446701 0.00468216]\n","  [0.00458502 0.00446701 0.00446953 0.00468047]\n","  [0.00482675 0.00468216 0.00468047 0.00492983]]\n","\n"," [[0.00471183 0.00460451 0.00466855 0.00456948]\n","  [0.00460451 0.00450613 0.00455929 0.0044674 ]\n","  [0.00466855 0.00455929 0.00462882 0.00452793]\n","  [0.00456948 0.0044674  0.00452793 0.00443864]]\n","\n"," [[0.00446897 0.00458469 0.00455265 0.00455508]\n","  [0.00458469 0.00474758 0.00470375 0.0047053 ]\n","  [0.00455265 0.00470375 0.00468331 0.00466601]\n","  [0.00455508 0.0047053  0.00466601 0.00467176]]\n","\n"," [[0.00466573 0.00464009 0.00460582 0.00459772]\n","  [0.00464009 0.00462513 0.00458127 0.00457952]\n","  [0.00460582 0.00458127 0.00458074 0.00455865]\n","  [0.00459772 0.00457952 0.00455865 0.00456217]]\n","\n"," [[0.00442843 0.00460424 0.00449845 0.00443261]\n","  [0.00460424 0.00479327 0.00468352 0.00461281]\n","  [0.00449845 0.00468352 0.00459678 0.00450668]\n","  [0.00443261 0.00461281 0.00450668 0.00445968]]\n","\n"," [[0.00448215 0.00452617 0.00458004 0.00449116]\n","  [0.00452617 0.00460678 0.00465219 0.00455361]\n","  [0.00458004 0.00465219 0.00474562 0.00462685]\n","  [0.00449116 0.00455361 0.00462685 0.00453432]]\n","\n"," [[0.00450209 0.00466316 0.00462915 0.00446096]\n","  [0.00466316 0.0048403  0.00479369 0.00462966]\n","  [0.00462915 0.00479369 0.00477785 0.0045898 ]\n","  [0.00446096 0.00462966 0.0045898  0.00444105]]\n","\n"," [[0.00461094 0.00458732 0.00469283 0.00462709]\n","  [0.00458732 0.00457565 0.00466932 0.00461396]\n","  [0.00469283 0.00466932 0.0047875  0.0047109 ]\n","  [0.00462709 0.00461396 0.0047109  0.00468924]]\n","\n"," [[0.00464256 0.00470286 0.00452501 0.00461851]\n","  [0.00470286 0.00481158 0.00461732 0.0047043 ]\n","  [0.00452501 0.00461732 0.00445136 0.00451997]\n","  [0.00461851 0.0047043  0.00451997 0.00461613]]\n","\n"," [[0.00441992 0.00456419 0.00453197 0.00453629]\n","  [0.00456419 0.00474461 0.00469877 0.00470367]\n","  [0.00453197 0.00469877 0.00468191 0.00467606]\n","  [0.00453629 0.00470367 0.00467606 0.00468425]]\n","\n"," [[0.00462118 0.00466353 0.00460818 0.00461065]\n","  [0.00466353 0.00473964 0.0046906  0.00468072]\n","  [0.00460818 0.0046906  0.00464723 0.00462719]\n","  [0.00461065 0.00468072 0.00462719 0.0046327 ]]\n","\n"," [[0.00463675 0.00458659 0.00464673 0.00449945]\n","  [0.00458659 0.00458357 0.00462809 0.0044808 ]\n","  [0.00464673 0.00462809 0.00470369 0.00453708]\n","  [0.00449945 0.0044808  0.00453708 0.00440459]]\n","\n"," [[0.00480282 0.00467731 0.00476642 0.00478218]\n","  [0.00467731 0.0045681  0.00465565 0.00466608]\n","  [0.00476642 0.00465565 0.00474942 0.00475686]\n","  [0.00478218 0.00466608 0.00475686 0.00478583]]\n","\n"," [[0.0046608  0.0045687  0.00468008 0.00470791]\n","  [0.0045687  0.00450971 0.0046077  0.00464139]\n","  [0.00468008 0.0046077  0.00471392 0.00474225]\n","  [0.00470791 0.00464139 0.00474225 0.00478324]]\n","\n"," [[0.00470991 0.00464319 0.0046668  0.00463218]\n","  [0.00464319 0.00459155 0.00460579 0.00456291]\n","  [0.0046668  0.00460579 0.00464091 0.00459606]\n","  [0.00463218 0.00456291 0.00459606 0.00457678]]\n","\n"," [[0.0045084  0.00461161 0.00455675 0.00463277]\n","  [0.00461161 0.00473178 0.00465797 0.0047486 ]\n","  [0.00455675 0.00465797 0.00460852 0.00468425]\n","  [0.00463277 0.0047486  0.00468425 0.00477974]]\n","\n"," [[0.00482449 0.00470209 0.00475412 0.00476345]\n","  [0.00470209 0.00460637 0.00463547 0.00465609]\n","  [0.00475412 0.00463547 0.00469247 0.00469804]\n","  [0.00476345 0.00465609 0.00469804 0.00472229]]\n","\n"," [[0.00451868 0.00448705 0.00456868 0.00464362]\n","  [0.00448705 0.0044739  0.00455134 0.00462135]\n","  [0.00456868 0.00455134 0.004653   0.00471726]\n","  [0.00464362 0.00462135 0.00471726 0.00479523]]\n","\n"," [[0.00446236 0.00443884 0.00451391 0.00447842]\n","  [0.00443884 0.00445547 0.00450282 0.00446191]\n","  [0.00451391 0.00450282 0.0045989  0.00453758]\n","  [0.00447842 0.00446191 0.00453758 0.00449712]]\n","\n"," [[0.00455802 0.0047204  0.00463826 0.00459803]\n","  [0.0047204  0.00489934 0.00480118 0.00477017]\n","  [0.00463826 0.00480118 0.00472615 0.00469125]\n","  [0.00459803 0.00477017 0.00469125 0.00468175]]\n","\n"," [[0.00440177 0.00451755 0.00445493 0.00460091]\n","  [0.00451755 0.00464839 0.00457119 0.00472937]\n","  [0.00445493 0.00457119 0.00452762 0.0046609 ]\n","  [0.00460091 0.00472937 0.0046609  0.00481569]]\n","\n"," [[0.00443816 0.00453625 0.00450164 0.00453364]\n","  [0.00453625 0.0046472  0.00460944 0.00463799]\n","  [0.00450164 0.00460944 0.00458638 0.00460919]\n","  [0.00453364 0.00463799 0.00460919 0.00463775]]\n","\n"," [[0.00472461 0.00458954 0.00467338 0.00460355]\n","  [0.00458954 0.00450155 0.0045447  0.00448498]\n","  [0.00467338 0.0045447  0.00463823 0.00455928]\n","  [0.00460355 0.00448498 0.00455928 0.0045084 ]]]\n","[[6. 6. 6. 6. 6. 6. 6. 6. 6. 6. 6. 6. 6. 6. 6. 6. 6. 6. 6. 6. 6. 6. 6. 6.\n","  6. 6. 6. 6. 6. 6. 6. 6. 6. 6. 6. 6. 6. 6. 6. 6. 6. 6. 6. 6. 6. 6. 6. 6.\n","  6. 6.]\n"," [6. 6. 6. 6. 6. 6. 6. 6. 6. 6. 6. 6. 6. 6. 6. 6. 6. 6. 6. 6. 6. 6. 6. 6.\n","  6. 6. 6. 6. 6. 6. 6. 6. 6. 6. 6. 6. 6. 6. 6. 6. 6. 6. 6. 6. 6. 6. 6. 6.\n","  6. 6.]\n"," [6. 6. 6. 6. 6. 6. 6. 6. 6. 6. 6. 6. 6. 6. 6. 6. 6. 6. 6. 6. 6. 6. 6. 6.\n","  6. 6. 6. 6. 6. 6. 6. 6. 6. 6. 6. 6. 6. 6. 6. 6. 6. 6. 6. 6. 6. 6. 6. 6.\n","  6. 6.]\n"," [6. 6. 6. 6. 6. 6. 6. 6. 6. 6. 6. 6. 6. 6. 6. 6. 6. 6. 6. 6. 6. 6. 6. 6.\n","  6. 6. 6. 6. 6. 6. 6. 6. 6. 6. 6. 6. 6. 6. 6. 6. 6. 6. 6. 6. 6. 6. 6. 6.\n","  6. 6.]\n"," [6. 6. 6. 6. 6. 6. 6. 6. 6. 6. 6. 6. 6. 6. 6. 6. 6. 6. 6. 6. 6. 6. 6. 6.\n","  6. 6. 6. 6. 6. 6. 6. 6. 6. 6. 6. 6. 6. 6. 6. 6. 6. 6. 6. 6. 6. 6. 6. 6.\n","  6. 6.]\n"," [6. 6. 6. 6. 6. 6. 6. 6. 6. 6. 6. 6. 6. 6. 6. 6. 6. 6. 6. 6. 6. 6. 6. 6.\n","  6. 6. 6. 6. 6. 6. 6. 6. 6. 6. 6. 6. 6. 6. 6. 6. 6. 6. 6. 6. 6. 6. 6. 6.\n","  6. 6.]\n"," [6. 6. 6. 6. 6. 6. 6. 6. 6. 6. 6. 6. 6. 6. 6. 6. 6. 6. 6. 6. 6. 6. 6. 6.\n","  6. 6. 6. 6. 6. 6. 6. 6. 6. 6. 6. 6. 6. 6. 6. 6. 6. 6. 6. 6. 6. 6. 6. 6.\n","  6. 6.]\n"," [6. 6. 6. 6. 6. 6. 6. 6. 6. 6. 6. 6. 6. 6. 6. 6. 6. 6. 6. 6. 6. 6. 6. 6.\n","  6. 6. 6. 6. 6. 6. 6. 6. 6. 6. 6. 6. 6. 6. 6. 6. 6. 6. 6. 6. 6. 6. 6. 6.\n","  6. 6.]\n"," [6. 6. 6. 6. 6. 6. 6. 6. 6. 6. 6. 6. 6. 6. 6. 6. 6. 6. 6. 6. 6. 6. 6. 6.\n","  6. 6. 6. 6. 6. 6. 6. 6. 6. 6. 6. 6. 6. 6. 6. 6. 6. 6. 6. 6. 6. 6. 6. 6.\n","  6. 6.]]\n","[[1.07038962 1.04791143 1.02273588 1.04947239 1.03911808 1.07160684\n","  1.00457025 1.06997269 1.02485281]\n"," [1.03539301 1.06278821 1.01752049 1.06105969 1.06112475 1.05084503\n","  1.00576935 1.09691074 1.01145822]\n"," [1.0222301  1.03928108 1.07893669 1.00774765 1.08575553 1.06995563\n","  1.00122467 1.07638057 1.09853813]\n"," [1.04780986 1.03696007 1.00336979 1.04028724 1.07225872 1.03932167\n","  1.05625256 1.03463491 1.00804837]\n"," [1.08227711 1.00327262 1.01341621 1.07051685 1.00927495 1.05863795\n","  1.0042813  1.03702673 1.04427498]\n"," [1.02644029 1.02690046 1.03564847 1.01575405 1.04762708 1.05038827\n","  1.00463889 1.01915749 1.06982991]\n"," [1.01617675 1.04171857 1.01107835 1.01030001 1.09643975 1.09269835\n","  1.03181035 1.09828104 1.03922951]\n"," [1.02952066 1.01677683 1.06307796 1.0882439  1.00841914 1.03270747\n","  1.02883846 1.08612134 1.02645705]\n"," [1.08219143 1.04040945 1.07816656 1.02621859 1.02362974 1.01775072\n","  1.01217523 1.02713856 1.00211368]\n"," [1.02009258 1.09536438 1.01246631 1.00054716 1.03992321 1.05057508\n","  1.06115313 1.08590506 1.07240285]\n"," [1.01998014 1.07410007 1.0905807  1.09859067 1.02120829 1.03597176\n","  1.03475869 1.09265866 1.09874945]\n"," [1.05759925 1.0555319  1.02841667 1.09590606 1.09509958 1.09985817\n","  1.05517441 1.09263478 1.08164337]\n"," [1.08027299 1.06385196 1.02150856 1.03644905 1.07197132 1.03507232\n","  1.06902638 1.0843133  1.04360166]\n"," [1.0127951  1.07629435 1.04759742 1.03171524 1.08796385 1.09401208\n","  1.03497709 1.01221537 1.03484255]\n"," [1.02467981 1.09350862 1.02336551 1.06149648 1.07562192 1.04002465\n","  1.07436724 1.04819708 1.04095865]\n"," [1.00215802 1.00776907 1.09473894 1.04573097 1.08754183 1.00594229\n","  1.03688528 1.05554782 1.0329597 ]\n"," [1.08167859 1.06156604 1.07480271 1.02761015 1.09210438 1.01353655\n","  1.0102775  1.05985242 1.01953195]\n"," [1.00015224 1.04342682 1.00755586 1.0780632  1.06181964 1.0855226\n","  1.02825812 1.07035232 1.07425788]\n"," [1.04411646 1.03868833 1.04997891 1.05413504 1.02095982 1.00318358\n","  1.03510956 1.00957825 1.09933526]\n"," [1.06392926 1.008806   1.01053118 1.04358085 1.09773275 1.09911935\n","  1.07465105 1.01007308 1.02346706]\n"," [1.03442603 1.09559017 1.03360696 1.04655581 1.06578763 1.07151407\n","  1.01169001 1.03067123 1.02589155]\n"," [1.09006491 1.01695034 1.09804698 1.07643074 1.09335754 1.0480098\n","  1.00999578 1.03916798 1.02719019]\n"," [1.02560992 1.05347981 1.02732175 1.02669397 1.08383125 1.03657579\n","  1.03304955 1.06535516 1.00563471]\n"," [1.0992842  1.05154198 1.00969193 1.09330413 1.08920652 1.01918362\n","  1.07393705 1.08436271 1.02738557]\n"," [1.05551035 1.05357923 1.02158506 1.0540152  1.08407995 1.02607674\n","  1.0362498  1.01270002 1.09875787]\n"," [1.03229073 1.03725857 1.05270371 1.07485341 1.07096214 1.00277515\n","  1.02483668 1.01262512 1.09493072]\n"," [1.07827761 1.09778187 1.02408816 1.01939415 1.07024635 1.08688667\n","  1.05657954 1.01268664 1.0270594 ]\n"," [1.07596154 1.0253015  1.0733771  1.06636816 1.03422538 1.03909014\n","  1.04322494 1.04186697 1.01018114]\n"," [1.0759791  1.04491339 1.0553108  1.03853639 1.08726131 1.08773472\n","  1.05164329 1.09829907 1.06134487]\n"," [1.01544957 1.01413955 1.09960578 1.04357027 1.00138671 1.04941501\n","  1.04314164 1.09098306 1.03017685]\n"," [1.07622026 1.08482083 1.05389466 1.03105436 1.05255389 1.02343579\n","  1.05146396 1.02903057 1.01542023]\n"," [1.07232674 1.07632318 1.01874417 1.00602687 1.05378701 1.02783414\n","  1.06323165 1.06021665 1.02200342]\n"," [1.06332793 1.0607185  1.02992767 1.08197296 1.02292313 1.04981556\n","  1.0283812  1.01011933 1.07089232]\n"," [1.01016881 1.01104141 1.02379181 1.02679951 1.00307802 1.03820929\n","  1.07837456 1.00174867 1.06255279]\n"," [1.01889543 1.01958809 1.06833263 1.04574297 1.03401523 1.04281856\n","  1.04544897 1.07779343 1.01426996]\n"," [1.08112103 1.09421661 1.07077313 1.05650166 1.04301312 1.08764304\n","  1.06599217 1.03699977 1.03118535]\n"," [1.06018456 1.08846381 1.03462241 1.00378505 1.04888194 1.01598976\n","  1.0858464  1.01233632 1.02266413]\n"," [1.03488276 1.0886412  1.04810046 1.03888601 1.00925366 1.08647882\n","  1.03673468 1.00278378 1.03069975]\n"," [1.06497409 1.06780578 1.00934364 1.07421305 1.08988958 1.03027662\n","  1.0298365  1.07891146 1.05393474]\n"," [1.03999803 1.07667953 1.02822793 1.06658769 1.01418848 1.03750641\n","  1.05040553 1.09524974 1.02148286]\n"," [1.05142374 1.00149331 1.09744172 1.02276037 1.05447878 1.01778717\n","  1.03186406 1.01460693 1.07604607]\n"," [1.07499985 1.09891277 1.04391278 1.07264626 1.0468486  1.00351669\n","  1.06388588 1.0873732  1.05847913]\n"," [1.01177697 1.01578397 1.08172595 1.00743217 1.00737322 1.00634211\n","  1.04024861 1.08122295 1.07085595]\n"," [1.0388099  1.06715086 1.06841711 1.0232177  1.00543971 1.04300756\n","  1.06428141 1.08634959 1.08931292]\n"," [1.01243115 1.06509357 1.09990739 1.03883116 1.07987889 1.07710817\n","  1.01421167 1.02686504 1.0463472 ]\n"," [1.00211397 1.06714298 1.09403418 1.04773479 1.09195279 1.09175017\n","  1.04493123 1.01439502 1.07718418]\n"," [1.03397885 1.08250969 1.04445451 1.05274045 1.04051417 1.01486594\n","  1.0178835  1.05813864 1.07045035]\n"," [1.04195656 1.02760678 1.09763936 1.09606092 1.00872577 1.05190549\n","  1.04609141 1.05846261 1.0597037 ]\n"," [1.06179357 1.00800127 1.02178849 1.03144786 1.03207549 1.0679066\n","  1.05621163 1.03922822 1.00518581]\n"," [1.09993579 1.03688233 1.09718164 1.07016566 1.09203565 1.01718065\n","  1.04115568 1.04060917 1.04587174]]\n"]}],"source":["new_theta = lib.GLLiMParameters(L,D,K, \"full\", \"diag\")\n","print(type(new_theta))\n","\n","Gamma = np.ones((K,L,L)) + np.random.rand(K,L,L) * 0.1\n","Sigma = np.ones((K,D)) + np.random.rand(K,D) * 0.1\n","for k in range(K):\n","    Gamma[k] += np.eye(L) * 0.1\n","    Gamma[k] = np.dot(Gamma[k], Gamma[k].T) * 0.001\n","    # Sigma[k] += np.eye(D) * 0.1\n","    # Sigma[k] = np.dot(Sigma[k], Sigma[k].T) * 0.001\n","new_theta.Pi = Pi\n","new_theta.A = A * 3\n","new_theta.C = C * 2\n","new_theta.Gamma = Gamma\n","new_theta.B = B * 2\n","new_theta.Sigma = Sigma\n","print(gllim.getDimensions())\n","gllim.setParams(new_theta)\n","print(gllim.getDimensions()) # TODO ERROR GLLiM<TGamma,TSigma> dimensions are (L=4000838736, D=32766, K=4000837888)\n","theta = gllim.getParams()\n","print(theta.Pi)\n","print(theta.A)\n","print(theta.C)\n","print(theta.Gamma)\n","print(theta.B)\n","print(theta.Sigma)"]},{"cell_type":"code","execution_count":11,"metadata":{},"outputs":[{"name":"stdout","output_type":"stream","text":["[[0.02 0.02 0.02 0.02 0.02 0.02 0.02 0.02 0.02 0.02 0.02 0.02 0.02 0.02\n","  0.02 0.02 0.02 0.02 0.02 0.02 0.02 0.02 0.02 0.02 0.02 0.02 0.02 0.02\n","  0.02 0.02 0.02 0.02 0.02 0.02 0.02 0.02 0.02 0.02 0.02 0.02 0.02 0.02\n","  0.02 0.02 0.02 0.02 0.02 0.02 0.02 0.02]]\n","[[[0.00767533 0.0078102  0.00801607 ... 0.00778476 0.00756861 0.00767868]\n","  [0.00783997 0.00760888 0.00788455 ... 0.00789346 0.00797251 0.00814563]\n","  [0.00803295 0.00794739 0.00759476 ... 0.00738984 0.00786494 0.00769796]\n","  ...\n","  [0.00817821 0.00804024 0.00818424 ... 0.00775398 0.00760861 0.0081122 ]\n","  [0.00767832 0.00737218 0.0076128  ... 0.00766336 0.00773295 0.00811646]\n","  [0.00801636 0.00799502 0.00745925 ... 0.00765438 0.00799484 0.00807562]]\n","\n"," [[0.00774994 0.00797963 0.00808775 ... 0.00799755 0.00774562 0.00748443]\n","  [0.00791618 0.00777395 0.00795506 ... 0.00810923 0.00815897 0.00793956]\n","  [0.00811104 0.00811979 0.00766268 ... 0.00759184 0.00804888 0.00750322]\n","  ...\n","  [0.00825771 0.00821466 0.00825743 ... 0.00796594 0.00778656 0.00790698]\n","  [0.00775296 0.00753211 0.00768088 ... 0.00787283 0.00791381 0.00791113]\n","  [0.00809429 0.00816846 0.00752595 ... 0.00786361 0.00818182 0.00787132]]\n","\n"," [[0.00774826 0.00789997 0.0083637  ... 0.00788848 0.00769341 0.0076062 ]\n","  [0.00791446 0.00769633 0.00822648 ... 0.00799863 0.00810397 0.00806874]\n","  [0.00810929 0.00803873 0.00792412 ... 0.0074883  0.00799462 0.0076253 ]\n","  ...\n","  [0.00825593 0.00813265 0.00853917 ... 0.0078573  0.00773407 0.00803562]\n","  [0.00775128 0.00745691 0.00794294 ... 0.00776546 0.00786046 0.00803984]\n","  [0.00809254 0.00808691 0.00778273 ... 0.00775637 0.00812667 0.00799939]]\n","\n"," [[0.00762311 0.00809493 0.00794457 ... 0.00814496 0.00774044 0.00749907]\n","  [0.00778663 0.00788627 0.00781423 ... 0.0082587  0.00815352 0.00795509]\n","  [0.0079783  0.00823711 0.00752702 ... 0.00773177 0.0080435  0.00751789]\n","  ...\n","  [0.00812258 0.00833335 0.00811125 ... 0.00811277 0.00778135 0.00792244]\n","  [0.00762608 0.00764094 0.0075449  ... 0.00801794 0.00790852 0.0079266 ]\n","  [0.00796182 0.00828648 0.00739272 ... 0.00800855 0.00817635 0.00788672]]]\n","[[54. 54. 54. 54. 54. 54. 54. 54. 54. 54. 54. 54. 54. 54. 54. 54. 54. 54.\n","  54. 54. 54. 54. 54. 54. 54. 54. 54. 54. 54. 54. 54. 54. 54. 54. 54. 54.\n","  54. 54. 54. 54. 54. 54. 54. 54. 54. 54. 54. 54. 54. 54.]\n"," [54. 54. 54. 54. 54. 54. 54. 54. 54. 54. 54. 54. 54. 54. 54. 54. 54. 54.\n","  54. 54. 54. 54. 54. 54. 54. 54. 54. 54. 54. 54. 54. 54. 54. 54. 54. 54.\n","  54. 54. 54. 54. 54. 54. 54. 54. 54. 54. 54. 54. 54. 54.]\n"," [54. 54. 54. 54. 54. 54. 54. 54. 54. 54. 54. 54. 54. 54. 54. 54. 54. 54.\n","  54. 54. 54. 54. 54. 54. 54. 54. 54. 54. 54. 54. 54. 54. 54. 54. 54. 54.\n","  54. 54. 54. 54. 54. 54. 54. 54. 54. 54. 54. 54. 54. 54.]\n"," [54. 54. 54. 54. 54. 54. 54. 54. 54. 54. 54. 54. 54. 54. 54. 54. 54. 54.\n","  54. 54. 54. 54. 54. 54. 54. 54. 54. 54. 54. 54. 54. 54. 54. 54. 54. 54.\n","  54. 54. 54. 54. 54. 54. 54. 54. 54. 54. 54. 54. 54. 54.]\n"," [54. 54. 54. 54. 54. 54. 54. 54. 54. 54. 54. 54. 54. 54. 54. 54. 54. 54.\n","  54. 54. 54. 54. 54. 54. 54. 54. 54. 54. 54. 54. 54. 54. 54. 54. 54. 54.\n","  54. 54. 54. 54. 54. 54. 54. 54. 54. 54. 54. 54. 54. 54.]\n"," [54. 54. 54. 54. 54. 54. 54. 54. 54. 54. 54. 54. 54. 54. 54. 54. 54. 54.\n","  54. 54. 54. 54. 54. 54. 54. 54. 54. 54. 54. 54. 54. 54. 54. 54. 54. 54.\n","  54. 54. 54. 54. 54. 54. 54. 54. 54. 54. 54. 54. 54. 54.]\n"," [54. 54. 54. 54. 54. 54. 54. 54. 54. 54. 54. 54. 54. 54. 54. 54. 54. 54.\n","  54. 54. 54. 54. 54. 54. 54. 54. 54. 54. 54. 54. 54. 54. 54. 54. 54. 54.\n","  54. 54. 54. 54. 54. 54. 54. 54. 54. 54. 54. 54. 54. 54.]\n"," [54. 54. 54. 54. 54. 54. 54. 54. 54. 54. 54. 54. 54. 54. 54. 54. 54. 54.\n","  54. 54. 54. 54. 54. 54. 54. 54. 54. 54. 54. 54. 54. 54. 54. 54. 54. 54.\n","  54. 54. 54. 54. 54. 54. 54. 54. 54. 54. 54. 54. 54. 54.]\n"," [54. 54. 54. 54. 54. 54. 54. 54. 54. 54. 54. 54. 54. 54. 54. 54. 54. 54.\n","  54. 54. 54. 54. 54. 54. 54. 54. 54. 54. 54. 54. 54. 54. 54. 54. 54. 54.\n","  54. 54. 54. 54. 54. 54. 54. 54. 54. 54. 54. 54. 54. 54.]]\n","[[[1.74088463 0.67049501 0.67049501 ... 0.67049501 0.67049501 0.67049501]\n","  [0.67049501 1.71840644 0.67049501 ... 0.67049501 0.67049501 0.67049501]\n","  [0.67049501 0.67049501 1.6932309  ... 0.67049501 0.67049501 0.67049501]\n","  ...\n","  [0.67049501 0.67049501 0.67049501 ... 1.67506526 0.67049501 0.67049501]\n","  [0.67049501 0.67049501 0.67049501 ... 0.67049501 1.7404677  0.67049501]\n","  [0.67049501 0.67049501 0.67049501 ... 0.67049501 0.67049501 1.69534782]]\n","\n"," [[1.69845308 0.66306007 0.66306007 ... 0.66306007 0.66306007 0.66306007]\n","  [0.66306007 1.72584828 0