{"cells":[{"cell_type":"code","execution_count":1,"metadata":{"metadata":{}},"outputs":[],"source":["import newkernelo as lib\n","import kernelo as oldker\n","import numpy as np\n","import time\n","import os.path\n","import json\n","import logging\n","logging.getLogger().setLevel(logging.INFO)"]},{"cell_type":"code","execution_count":2,"metadata":{},"outputs":[{"name":"stdout","output_type":"stream","text":["<class 'newkernelo._GLLiM_full_diag'>GLLiM Parameters initialized\n","GLLiM dimensions are (L=4, D=9, K=50)\n","GLLiM constraints are :\n","\tgamma_type = 'full',\n","\tsigma_type = 'diag'.\n","\n","(50, 4, 4)\n"]}],"source":["L = 4\n","D = 9\n","K = 50\n","\n","gllim = lib.GLLiM(L,D,K, gamma_type='full', sigma_type='diag')\n","print(type(gllim))\n","gllim.getDimensions()\n","gllim.getConstraints()\n","gllim.getParamPi()\n","gllim.getParamGamma()\n","print(gllim.getParamGamma().shape)\n"]},{"cell_type":"code","execution_count":3,"metadata":{},"outputs":[{"name":"stdout","output_type":"stream","text":["GLLiM Parameters initialized\n","GLLiM dimensions are (L=4, D=9, K=50)\n","GLLiM constraints are :\n","\tgamma_type = 'full',\n","\tsigma_type = 'full'.\n"]},{"data":{"text/plain":["<newkernelo._GLLiM_full_diag at 0x7dffcfbba970>"]},"execution_count":3,"metadata":{},"output_type":"execute_result"}],"source":["lib._GLLiM_full_diag(L,D,K, gamma_type='full', sigma_type='full')"]},{"cell_type":"code","execution_count":4,"metadata":{},"outputs":[{"name":"stdout","output_type":"stream","text":["GLLiM dimensions are (L=4, D=9, K=50)\n"]},{"data":{"text/plain":["(50, 4, 4)"]},"execution_count":4,"metadata":{},"output_type":"execute_result"}],"source":["print(gllim.getDimensions())\n","gllim.getParams()\n","gllim.getParamGamma().shape"]},{"cell_type":"code","execution_count":5,"metadata":{},"outputs":[{"name":"stdout","output_type":"stream","text":["[[0. 0. 0. 0. 0. 0. 0. 0. 0. 0. 0. 0. 0. 0. 0. 0. 0. 0. 0. 0. 0. 0. 0. 0.\n","  0. 0. 0. 0. 0. 0. 0. 0. 0. 0. 0. 0. 0. 0. 0. 0. 0. 0. 0. 0. 0. 0. 0. 0.\n","  0. 0.]]\n","(9, 4, 50)\n","GLLiM dimensions are (L=4, D=9, K=50)\n"]}],"source":["theta = gllim.getParams()\n","print(theta.Pi)\n","print(theta.A.shape)\n","# print(theta.L)\n","print(gllim.getDimensions())"]},{"cell_type":"code","execution_count":6,"metadata":{},"outputs":[{"name":"stdout","output_type":"stream","text":["GLLiM dimensions are (L=4, D=9, K=50)\n"]}],"source":["gllim.getParams()\n","gllim.getParamPi()\n","gllim.getParamA()\n","gllim.getParamC()\n","gllim.getParamGamma()\n","gllim.getParamB()\n","gllim.getParamSigma()\n","print(gllim.getDimensions())"]},{"cell_type":"code","execution_count":7,"metadata":{},"outputs":[{"name":"stdout","output_type":"stream","text":["GLLiM dimensions are (L=4, D=9, K=50)\n"]}],"source":["gllim.getInverse().C\n","print(gllim.getDimensions())"]},{"cell_type":"code","execution_count":8,"metadata":{},"outputs":[{"name":"stdout","output_type":"stream","text":["(50, 4, 4)\n","[[0.02 0.02 0.02 0.02 0.02 0.02 0.02 0.02 0.02 0.02 0.02 0.02 0.02 0.02\n","  0.02 0.02 0.02 0.02 0.02 0.02 0.02 0.02 0.02 0.02 0.02 0.02 0.02 0.02\n","  0.02 0.02 0.02 0.02 0.02 0.02 0.02 0.02 0.02 0.02 0.02 0.02 0.02 0.02\n","  0.02 0.02 0.02 0.02 0.02 0.02 0.02 0.02]]\n","[[[1. 1. 1. ... 1. 1. 1.]\n","  [1. 1. 1. ... 1. 1. 1.]\n","  [1. 1. 1. ... 1. 1. 1.]\n","  [1. 1. 1. ... 1. 1. 1.]]\n","\n"," [[1. 1. 1. ... 1. 1. 1.]\n","  [1. 1. 1. ... 1. 1. 1.]\n","  [1. 1. 1. ... 1. 1. 1.]\n","  [1. 1. 1. ... 1. 1. 1.]]\n","\n"," [[1. 1. 1. ... 1. 1. 1.]\n","  [1. 1. 1. ... 1. 1. 1.]\n","  [1. 1. 1. ... 1. 1. 1.]\n","  [1. 1. 1. ... 1. 1. 1.]]\n","\n"," ...\n","\n"," [[1. 1. 1. ... 1. 1. 1.]\n","  [1. 1. 1. ... 1. 1. 1.]\n","  [1. 1. 1. ... 1. 1. 1.]\n","  [1. 1. 1. ... 1. 1. 1.]]\n","\n"," [[1. 1. 1. ... 1. 1. 1.]\n","  [1. 1. 1. ... 1. 1. 1.]\n","  [1. 1. 1. ... 1. 1. 1.]\n","  [1. 1. 1. ... 1. 1. 1.]]\n","\n"," [[1. 1. 1. ... 1. 1. 1.]\n","  [1. 1. 1. ... 1. 1. 1.]\n","  [1. 1. 1. ... 1. 1. 1.]\n","  [1. 1. 1. ... 1. 1. 1.]]]\n","[[2. 2. 2. 2. 2. 2. 2. 2. 2. 2. 2. 2. 2. 2. 2. 2. 2. 2. 2. 2. 2. 2. 2. 2.\n","  2. 2. 2. 2. 2. 2. 2. 2. 2. 2. 2. 2. 2. 2. 2. 2. 2. 2. 2. 2. 2. 2. 2. 2.\n","  2. 2.]\n"," [2. 2. 2. 2. 2. 2. 2. 2. 2. 2. 2. 2. 2. 2. 2. 2. 2. 2. 2. 2. 2. 2. 2. 2.\n","  2. 2. 2. 2. 2. 2. 2. 2. 2. 2. 2. 2. 2. 2. 2. 2. 2. 2. 2. 2. 2. 2. 2. 2.\n","  2. 2.]\n"," [2. 2. 2. 2. 2. 2. 2. 2. 2. 2. 2. 2. 2. 2. 2. 2. 2. 2. 2. 2. 2. 2. 2. 2.\n","  2. 2. 2. 2. 2. 2. 2. 2. 2. 2. 2. 2. 2. 2. 2. 2. 2. 2. 2. 2. 2. 2. 2. 2.\n","  2. 2.]\n"," [2. 2. 2. 2. 2. 2. 2. 2. 2. 2. 2. 2. 2. 2. 2. 2. 2. 2. 2. 2. 2. 2. 2. 2.\n","  2. 2. 2. 2. 2. 2. 2. 2. 2. 2. 2. 2. 2. 2. 2. 2. 2. 2. 2. 2. 2. 2. 2. 2.\n","  2. 2.]]\n","[[[0.2 0.2 0.2 0.2]\n","  [0.2 0.2 0.2 0.2]\n","  [0.2 0.2 0.2 0.2]\n","  [0.2 0.2 0.2 0.2]]\n","\n"," [[0.2 0.2 0.2 0.2]\n","  [0.2 0.2 0.2 0.2]\n","  [0.2 0.2 0.2 0.2]\n","  [0.2 0.2 0.2 0.2]]\n","\n"," [[0.2 0.2 0.2 0.2]\n","  [0.2 0.2 0.2 0.2]\n","  [0.2 0.2 0.2 0.2]\n","  [0.2 0.2 0.2 0.2]]\n","\n"," [[0.2 0.2 0.2 0.2]\n","  [0.2 0.2 0.2 0.2]\n","  [0.2 0.2 0.2 0.2]\n","  [0.2 0.2 0.2 0.2]]\n","\n"," [[0.2 0.2 0.2 0.2]\n","  [0.2 0.2 0.2 0.2]\n","  [0.2 0.2 0.2 0.2]\n","  [0.2 0.2 0.2 0.2]]\n","\n"," [[0.2 0.2 0.2 0.2]\n","  [0.2 0.2 0.2 0.2]\n","  [0.2 0.2 0.2 0.2]\n","  [0.2 0.2 0.2 0.2]]\n","\n"," [[0.2 0.2 0.2 0.2]\n","  [0.2 0.2 0.2 0.2]\n","  [0.2 0.2 0.2 0.2]\n","  [0.2 0.2 0.2 0.2]]\n","\n"," [[0.2 0.2 0.2 0.2]\n","  [0.2 0.2 0.2 0.2]\n","  [0.2 0.2 0.2 0.2]\n","  [0.2 0.2 0.2 0.2]]\n","\n"," [[0.2 0.2 0.2 0.2]\n","  [0.2 0.2 0.2 0.2]\n","  [0.2 0.2 0.2 0.2]\n","  [0.2 0.2 0.2 0.2]]\n","\n"," [[0.2 0.2 0.2 0.2]\n","  [0.2 0.2 0.2 0.2]\n","  [0.2 0.2 0.2 0.2]\n","  [0.2 0.2 0.2 0.2]]\n","\n"," [[0.2 0.2 0.2 0.2]\n","  [0.2 0.2 0.2 0.2]\n","  [0.2 0.2 0.2 0.2]\n","  [0.2 0.2 0.2 0.2]]\n","\n"," [[0.2 0.2 0.2 0.2]\n","  [0.2 0.2 0.2 0.2]\n","  [0.2 0.2 0.2 0.2]\n","  [0.2 0.2 0.2 0.2]]\n","\n"," [[0.2 0.2 0.2 0.2]\n","  [0.2 0.2 0.2 0.2]\n","  [0.2 0.2 0.2 0.2]\n","  [0.2 0.2 0.2 0.2]]\n","\n"," [[0.2 0.2 0.2 0.2]\n","  [0.2 0.2 0.2 0.2]\n","  [0.2 0.2 0.2 0.2]\n","  [0.2 0.2 0.2 0.2]]\n","\n"," [[0.2 0.2 0.2 0.2]\n","  [0.2 0.2 0.2 0.2]\n","  [0.2 0.2 0.2 0.2]\n","  [0.2 0.2 0.2 0.2]]\n","\n"," [[0.2 0.2 0.2 0.2]\n","  [0.2 0.2 0.2 0.2]\n","  [0.2 0.2 0.2 0.2]\n","  [0.2 0.2 0.2 0.2]]\n","\n"," [[0.2 0.2 0.2 0.2]\n","  [0.2 0.2 0.2 0.2]\n","  [0.2 0.2 0.2 0.2]\n","  [0.2 0.2 0.2 0.2]]\n","\n"," [[0.2 0.2 0.2 0.2]\n","  [0.2 0.2 0.2 0.2]\n","  [0.2 0.2 0.2 0.2]\n","  [0.2 0.2 0.2 0.2]]\n","\n"," [[0.2 0.2 0.2 0.2]\n","  [0.2 0.2 0.2 0.2]\n","  [0.2 0.2 0.2 0.2]\n","  [0.2 0.2 0.2 0.2]]\n","\n"," [[0.2 0.2 0.2 0.2]\n","  [0.2 0.2 0.2 0.2]\n","  [0.2 0.2 0.2 0.2]\n","  [0.2 0.2 0.2 0.2]]\n","\n"," [[0.2 0.2 0.2 0.2]\n","  [0.2 0.2 0.2 0.2]\n","  [0.2 0.2 0.2 0.2]\n","  [0.2 0.2 0.2 0.2]]\n","\n"," [[0.2 0.2 0.2 0.2]\n","  [0.2 0.2 0.2 0.2]\n","  [0.2 0.2 0.2 0.2]\n","  [0.2 0.2 0.2 0.2]]\n","\n"," [[0.2 0.2 0.2 0.2]\n","  [0.2 0.2 0.2 0.2]\n","  [0.2 0.2 0.2 0.2]\n","  [0.2 0.2 0.2 0.2]]\n","\n"," [[0.2 0.2 0.2 0.2]\n","  [0.2 0.2 0.2 0.2]\n","  [0.2 0.2 0.2 0.2]\n","  [0.2 0.2 0.2 0.2]]\n","\n"," [[0.2 0.2 0.2 0.2]\n","  [0.2 0.2 0.2 0.2]\n","  [0.2 0.2 0.2 0.2]\n","  [0.2 0.2 0.2 0.2]]\n","\n"," [[0.2 0.2 0.2 0.2]\n","  [0.2 0.2 0.2 0.2]\n","  [0.2 0.2 0.2 0.2]\n","  [0.2 0.2 0.2 0.2]]\n","\n"," [[0.2 0.2 0.2 0.2]\n","  [0.2 0.2 0.2 0.2]\n","  [0.2 0.2 0.2 0.2]\n","  [0.2 0.2 0.2 0.2]]\n","\n"," [[0.2 0.2 0.2 0.2]\n","  [0.2 0.2 0.2 0.2]\n","  [0.2 0.2 0.2 0.2]\n","  [0.2 0.2 0.2 0.2]]\n","\n"," [[0.2 0.2 0.2 0.2]\n","  [0.2 0.2 0.2 0.2]\n","  [0.2 0.2 0.2 0.2]\n","  [0.2 0.2 0.2 0.2]]\n","\n"," [[0.2 0.2 0.2 0.2]\n","  [0.2 0.2 0.2 0.2]\n","  [0.2 0.2 0.2 0.2]\n","  [0.2 0.2 0.2 0.2]]\n","\n"," [[0.2 0.2 0.2 0.2]\n","  [0.2 0.2 0.2 0.2]\n","  [0.2 0.2 0.2 0.2]\n","  [0.2 0.2 0.2 0.2]]\n","\n"," [[0.2 0.2 0.2 0.2]\n","  [0.2 0.2 0.2 0.2]\n","  [0.2 0.2 0.2 0.2]\n","  [0.2 0.2 0.2 0.2]]\n","\n"," [[0.2 0.2 0.2 0.2]\n","  [0.2 0.2 0.2 0.2]\n","  [0.2 0.2 0.2 0.2]\n","  [0.2 0.2 0.2 0.2]]\n","\n"," [[0.2 0.2 0.2 0.2]\n","  [0.2 0.2 0.2 0.2]\n","  [0.2 0.2 0.2 0.2]\n","  [0.2 0.2 0.2 0.2]]\n","\n"," [[0.2 0.2 0.2 0.2]\n","  [0.2 0.2 0.2 0.2]\n","  [0.2 0.2 0.2 0.2]\n","  [0.2 0.2 0.2 0.2]]\n","\n"," [[0.2 0.2 0.2 0.2]\n","  [0.2 0.2 0.2 0.2]\n","  [0.2 0.2 0.2 0.2]\n","  [0.2 0.2 0.2 0.2]]\n","\n"," [[0.2 0.2 0.2 0.2]\n","  [0.2 0.2 0.2 0.2]\n","  [0.2 0.2 0.2 0.2]\n","  [0.2 0.2 0.2 0.2]]\n","\n"," [[0.2 0.2 0.2 0.2]\n","  [0.2 0.2 0.2 0.2]\n","  [0.2 0.2 0.2 0.2]\n","  [0.2 0.2 0.2 0.2]]\n","\n"," [[0.2 0.2 0.2 0.2]\n","  [0.2 0.2 0.2 0.2]\n","  [0.2 0.2 0.2 0.2]\n","  [0.2 0.2 0.2 0.2]]\n","\n"," [[0.2 0.2 0.2 0.2]\n","  [0.2 0.2 0.2 0.2]\n","  [0.2 0.2 0.2 0.2]\n","  [0.2 0.2 0.2 0.2]]\n","\n"," [[0.2 0.2 0.2 0.2]\n","  [0.2 0.2 0.2 0.2]\n","  [0.2 0.2 0.2 0.2]\n","  [0.2 0.2 0.2 0.2]]\n","\n"," [[0.2 0.2 0.2 0.2]\n","  [0.2 0.2 0.2 0.2]\n","  [0.2 0.2 0.2 0.2]\n","  [0.2 0.2 0.2 0.2]]\n","\n"," [[0.2 0.2 0.2 0.2]\n","  [0.2 0.2 0.2 0.2]\n","  [0.2 0.2 0.2 0.2]\n","  [0.2 0.2 0.2 0.2]]\n","\n"," [[0.2 0.2 0.2 0.2]\n","  [0.2 0.2 0.2 0.2]\n","  [0.2 0.2 0.2 0.2]\n","  [0.2 0.2 0.2 0.2]]\n","\n"," [[0.2 0.2 0.2 0.2]\n","  [0.2 0.2 0.2 0.2]\n","  [0.2 0.2 0.2 0.2]\n","  [0.2 0.2 0.2 0.2]]\n","\n"," [[0.2 0.2 0.2 0.2]\n","  [0.2 0.2 0.2 0.2]\n","  [0.2 0.2 0.2 0.2]\n","  [0.2 0.2 0.2 0.2]]\n","\n"," [[0.2 0.2 0.2 0.2]\n","  [0.2 0.2 0.2 0.2]\n","  [0.2 0.2 0.2 0.2]\n","  [0.2 0.2 0.2 0.2]]\n","\n"," [[0.2 0.2 0.2 0.2]\n","  [0.2 0.2 0.2 0.2]\n","  [0.2 0.2 0.2 0.2]\n","  [0.2 0.2 0.2 0.2]]\n","\n"," [[0.2 0.2 0.2 0.2]\n","  [0.2 0.2 0.2 0.2]\n","  [0.2 0.2 0.2 0.2]\n","  [0.2 0.2 0.2 0.2]]\n","\n"," [[0.2 0.2 0.2 0.2]\n","  [0.2 0.2 0.2 0.2]\n","  [0.2 0.2 0.2 0.2]\n","  [0.2 0.2 0.2 0.2]]]\n","[[3. 3. 3. 3. 3. 3. 3. 3. 3. 3. 3. 3. 3. 3. 3. 3. 3. 3. 3. 3. 3. 3. 3. 3.\n","  3. 3. 3. 3. 3. 3. 3. 3. 3. 3. 3. 3. 3. 3. 3. 3. 3. 3. 3. 3. 3. 3. 3. 3.\n","  3. 3.]\n"," [3. 3. 3. 3. 3. 3. 3. 3. 3. 3. 3. 3. 3. 3. 3. 3. 3. 3. 3. 3. 3. 3. 3. 3.\n","  3. 3. 3. 3. 3. 3. 3. 3. 3. 3. 3. 3. 3. 3. 3. 3. 3. 3. 3. 3. 3. 3. 3. 3.\n","  3. 3.]\n"," [3. 3. 3. 3. 3. 3. 3. 3. 3. 3. 3. 3. 3. 3. 3. 3. 3. 3. 3. 3. 3. 3. 3. 3.\n","  3. 3. 3. 3. 3. 3. 3. 3. 3. 3. 3. 3. 3. 3. 3. 3. 3. 3. 3. 3. 3. 3. 3. 3.\n","  3. 3.]\n"," [3. 3. 3. 3. 3. 3. 3. 3. 3. 3. 3. 3. 3. 3. 3. 3. 3. 3. 3. 3. 3. 3. 3. 3.\n","  3. 3. 3. 3. 3. 3. 3. 3. 3. 3. 3. 3. 3. 3. 3. 3. 3. 3. 3. 3. 3. 3. 3. 3.\n","  3. 3.]\n"," [3. 3. 3. 3. 3. 3. 3. 3. 3. 3. 3. 3. 3. 3. 3. 3. 3. 3. 3. 3. 3. 3. 3. 3.\n","  3. 3. 3. 3. 3. 3. 3. 3. 3. 3. 3. 3. 3. 3. 3. 3. 3. 3. 3. 3. 3. 3. 3. 3.\n","  3. 3.]\n"," [3. 3. 3. 3. 3. 3. 3. 3. 3. 3. 3. 3. 3. 3. 3. 3. 3. 3. 3. 3. 3. 3. 3. 3.\n","  3. 3. 3. 3. 3. 3. 3. 3. 3. 3. 3. 3. 3. 3. 3. 3. 3. 3. 3. 3. 3. 3. 3. 3.\n","  3. 3.]\n"," [3. 3. 3. 3. 3. 3. 3. 3. 3. 3. 3. 3. 3. 3. 3. 3. 3. 3. 3. 3. 3. 3. 3. 3.\n","  3. 3. 3. 3. 3. 3. 3. 3. 3. 3. 3. 3. 3. 3. 3. 3. 3. 3. 3. 3. 3. 3. 3. 3.\n","  3. 3.]\n"," [3. 3. 3. 3. 3. 3. 3. 3. 3. 3. 3. 3. 3. 3. 3. 3. 3. 3. 3. 3. 3. 3. 3. 3.\n","  3. 3. 3. 3. 3. 3. 3. 3. 3. 3. 3. 3. 3. 3. 3. 3. 3. 3. 3. 3. 3. 3. 3. 3.\n","  3. 3.]\n"," [3. 3. 3. 3. 3. 3. 3. 3. 3. 3. 3. 3. 3. 3. 3. 3. 3. 3. 3. 3. 3. 3. 3. 3.\n","  3. 3. 3. 3. 3. 3. 3. 3. 3. 3. 3. 3. 3. 3. 3. 3. 3. 3. 3. 3. 3. 3. 3. 3.\n","  3. 3.]]\n","[[0.3 0.3 0.3 0.3 0.3 0.3 0.3 0.3 0.3]\n"," [0.3 0.3 0.3 0.3 0.3 0.3 0.3 0.3 0.3]\n"," [0.3 0.3 0.3 0.3 0.3 0.3 0.3 0.3 0.3]\n"," [0.3 0.3 0.3 0.3 0.3 0.3 0.3 0.3 0.3]\n"," [0.3 0.3 0.3 0.3 0.3 0.3 0.3 0.3 0.3]\n"," [0.3 0.3 0.3 0.3 0.3 0.3 0.3 0.3 0.3]\n"," [0.3 0.3 0.3 0.3 0.3 0.3 0.3 0.3 0.3]\n"," [0.3 0.3 0.3 0.3 0.3 0.3 0.3 0.3 0.3]\n"," [0.3 0.3 0.3 0.3 0.3 0.3 0.3 0.3 0.3]\n"," [0.3 0.3 0.3 0.3 0.3 0.3 0.3 0.3 0.3]\n"," [0.3 0.3 0.3 0.3 0.3 0.3 0.3 0.3 0.3]\n"," [0.3 0.3 0.3 0.3 0.3 0.3 0.3 0.3 0.3]\n"," [0.3 0.3 0.3 0.3 0.3 0.3 0.3 0.3 0.3]\n"," [0.3 0.3 0.3 0.3 0.3 0.3 0.3 0.3 0.3]\n"," [0.3 0.3 0.3 0.3 0.3 0.3 0.3 0.3 0.3]\n"," [0.3 0.3 0.3 0.3 0.3 0.3 0.3 0.3 0.3]\n"," [0.3 0.3 0.3 0.3 0.3 0.3 0.3 0.3 0.3]\n"," [0.3 0.3 0.3 0.3 0.3 0.3 0.3 0.3 0.3]\n"," [0.3 0.3 0.3 0.3 0.3 0.3 0.3 0.3 0.3]\n"," [0.3 0.3 0.3 0.3 0.3 0.3 0.3 0.3 0.3]\n"," [0.3 0.3 0.3 0.3 0.3 0.3 0.3 0.3 0.3]\n"," [0.3 0.3 0.3 0.3 0.3 0.3 0.3 0.3 0.3]\n"," [0.3 0.3 0.3 0.3 0.3 0.3 0.3 0.3 0.3]\n"," [0.3 0.3 0.3 0.3 0.3 0.3 0.3 0.3 0.3]\n"," [0.3 0.3 0.3 0.3 0.3 0.3 0.3 0.3 0.3]\n"," [0.3 0.3 0.3 0.3 0.3 0.3 0.3 0.3 0.3]\n"," [0.3 0.3 0.3 0.3 0.3 0.3 0.3 0.3 0.3]\n"," [0.3 0.3 0.3 0.3 0.3 0.3 0.3 0.3 0.3]\n"," [0.3 0.3 0.3 0.3 0.3 0.3 0.3 0.3 0.3]\n"," [0.3 0.3 0.3 0.3 0.3 0.3 0.3 0.3 0.3]\n"," [0.3 0.3 0.3 0.3 0.3 0.3 0.3 0.3 0.3]\n"," [0.3 0.3 0.3 0.3 0.3 0.3 0.3 0.3 0.3]\n"," [0.3 0.3 0.3 0.3 0.3 0.3 0.3 0.3 0.3]\n"," [0.3 0.3 0.3 0.3 0.3 0.3 0.3 0.3 0.3]\n"," [0.3 0.3 0.3 0.3 0.3 0.3 0.3 0.3 0.3]\n"," [0.3 0.3 0.3 0.3 0.3 0.3 0.3 0.3 0.3]\n"," [0.3 0.3 0.3 0.3 0.3 0.3 0.3 0.3 0.3]\n"," [0.3 0.3 0.3 0.3 0.3 0.3 0.3 0.3 0.3]\n"," [0.3 0.3 0.3 0.3 0.3 0.3 0.3 0.3 0.3]\n"," [0.3 0.3 0.3 0.3 0.3 0.3 0.3 0.3 0.3]\n"," [0.3 0.3 0.3 0.3 0.3 0.3 0.3 0.3 0.3]\n"," [0.3 0.3 0.3 0.3 0.3 0.3 0.3 0.3 0.3]\n"," [0.3 0.3 0.3 0.3 0.3 0.3 0.3 0.3 0.3]\n"," [0.3 0.3 0.3 0.3 0.3 0.3 0.3 0.3 0.3]\n"," [0.3 0.3 0.3 0.3 0.3 0.3 0.3 0.3 0.3]\n"," [0.3 0.3 0.3 0.3 0.3 0.3 0.3 0.3 0.3]\n"," [0.3 0.3 0.3 0.3 0.3 0.3 0.3 0.3 0.3]\n"," [0.3 0.3 0.3 0.3 0.3 0.3 0.3 0.3 0.3]\n"," [0.3 0.3 0.3 0.3 0.3 0.3 0.3 0.3 0.3]\n"," [0.3 0.3 0.3 0.3 0.3 0.3 0.3 0.3 0.3]]\n","(50, 9)\n","GLLiM dimensions are (L=4, D=9, K=50)\n"]}],"source":["Pi = np.ones(K) * 1 / K\n","A = np.ones((D, L, K))\n","C = np.ones((L, K)) * 2\n","Gamma = np.ones((K,L, L)) * 0.2\n","B = np.ones((D, K)) * 3\n","Sigma = np.ones((K,D, D)) * 0.3\n","print(Gamma.shape)\n","gllim.setParamPi(Pi)\n","gllim.setParamA(A)\n","gllim.setParamC(C)\n","gllim.setParamGamma(Gamma)\n","gllim.setParamB(B)\n","gllim.setParamSigma(np.array(Sigma[:,:,0]))\n","\n","theta = gllim.getParams()\n","print(theta.Pi)\n","print(theta.A)\n","print(theta.C)\n","print(theta.Gamma)\n","print(theta.B)\n","print(theta.Sigma)\n","print(theta.Sigma.shape)\n","print(gllim.getDimensions())"]},{"cell_type":"code","execution_count":9,"metadata":{},"outputs":[{"name":"stdout","output_type":"stream","text":["GLLiM dimensions are (L=4, D=9, K=50)\n","GLLiM dimensions are (L=4, D=9, K=50)\n"]}],"source":["print(gllim.getDimensions())\n","gllim.getParams()\n","print(gllim.getDimensions())"]},{"cell_type":"code","execution_count":10,"metadata":{},"outputs":[{"name":"stdout","output_type":"stream","text":["<class 'newkernelo._GLLiMParameters_full_diag'>\n","GLLiM dimensions are (L=4, D=9, K=50)\n","GLLiM dimensions are (L=4, D=9, K=50)\n","[[0.02 0.02 0.02 0.02 0.02 0.02 0.02 0.02 0.02 0.02 0.02 0.02 0.02 0.02\n","  0.02 0.02 0.02 0.02 0.02 0.02 0.02 0.02 0.02 0.02 0.02 0.02 0.02 0.02\n","  0.02 0.02 0.02 0.02 0.02 0.02 0.02 0.02 0.02 0.02 0.02 0.02 0.02 0.02\n","  0.02 0.02 0.02 0.02 0.02 0.02 0.02 0.02]]\n","[[[3. 3. 3. ... 3. 3. 3.]\n","  [3. 3. 3. ... 3. 3. 3.]\n","  [3. 3. 3. ... 3. 3. 3.]\n","  [3. 3. 3. ... 3. 3. 3.]]\n","\n"," [[3. 3. 3. ... 3. 3. 3.]\n","  [3. 3. 3. ... 3. 3. 3.]\n","  [3. 3. 3. ... 3. 3. 3.]\n","  [3. 3. 3. ... 3. 3. 3.]]\n","\n"," [[3. 3. 3. ... 3. 3. 3.]\n","  [3. 3. 3. ... 3. 3. 3.]\n","  [3. 3. 3. ... 3. 3. 3.]\n","  [3. 3. 3. ... 3. 3. 3.]]\n","\n"," ...\n","\n"," [[3. 3. 3. ... 3. 3. 3.]\n","  [3. 3. 3. ... 3. 3. 3.]\n","  [3. 3. 3. ... 3. 3. 3.]\n","  [3. 3. 3. ... 3. 3. 3.]]\n","\n"," [[3. 3. 3. ... 3. 3. 3.]\n","  [3. 3. 3. ... 3. 3. 3.]\n","  [3. 3. 3. ... 3. 3. 3.]\n","  [3. 3. 3. ... 3. 3. 3.]]\n","\n"," [[3. 3. 3. ... 3. 3. 3.]\n","  [3. 3. 3. ... 3. 3. 3.]\n","  [3. 3. 3. ... 3. 3. 3.]\n","  [3. 3. 3. ... 3. 3. 3.]]]\n","[[4. 4. 4. 4. 4. 4. 4. 4. 4. 4. 4. 4. 4. 4. 4. 4. 4. 4. 4. 4. 4. 4. 4. 4.\n","  4. 4. 4. 4. 4. 4. 4. 4. 4. 4. 4. 4. 4. 4. 4. 4. 4. 4. 4. 4. 4. 4. 4. 4.\n","  4. 4.]\n"," [4. 4. 4. 4. 4. 4. 4. 4. 4. 4. 4. 4. 4. 4. 4. 4. 4. 4. 4. 4. 4. 4. 4. 4.\n","  4. 4. 4. 4. 4. 4. 4. 4. 4. 4. 4. 4. 4. 4. 4. 4. 4. 4. 4. 4. 4. 4. 4. 4.\n","  4. 4.]\n"," [4. 4. 4. 4. 4. 4. 4. 4. 4. 4. 4. 4. 4. 4. 4. 4. 4. 4. 4. 4. 4. 4. 4. 4.\n","  4. 4. 4. 4. 4. 4. 4. 4. 4. 4. 4. 4. 4. 4. 4. 4. 4. 4. 4. 4. 4. 4. 4. 4.\n","  4. 4.]\n"," [4. 4. 4. 4. 4. 4. 4. 4. 4. 4. 4. 4. 4. 4. 4. 4. 4. 4. 4. 4. 4. 4. 4. 4.\n","  4. 4. 4. 4. 4. 4. 4. 4. 4. 4. 4. 4. 4. 4. 4. 4. 4. 4. 4. 4. 4. 4. 4. 4.\n","  4. 4.]]\n","[[[0.004479   0.00455311 0.0045489  0.00456955]\n","  [0.00455311 0.00466324 0.0046273  0.00466665]\n","  [0.0045489  0.0046273  0.00465355 0.0046699 ]\n","  [0.00456955 0.00466665 0.0046699  0.00472092]]\n","\n"," [[0.00428738 0.00444408 0.00439551 0.00439587]\n","  [0.00444408 0.00462944 0.00456515 0.00457421]\n","  [0.00439551 0.00456515 0.00452105 0.00452054]\n","  [0.00439587 0.00457421 0.00452054 0.00452982]]\n","\n"," [[0.00470206 0.00465026 0.00462623 0.00470366]\n","  [0.00465026 0.00463802 0.00458664 0.00467374]\n","  [0.00462623 0.00458664 0.00459328 0.0046444 ]\n","  [0.00470366 0.00467374 0.0046444  0.00472123]]\n","\n"," [[0.00472673 0.00469367 0.00470932 0.0046346 ]\n","  [0.00469367 0.00471759 0.00471736 0.0046217 ]\n","  [0.00470932 0.00471736 0.004735   0.00463751]\n","  [0.0046346  0.0046217  0.00463751 0.00455788]]\n","\n"," [[0.00483902 0.00463895 0.00474108 0.00473669]\n","  [0.00463895 0.00448184 0.00456816 0.00455307]\n","  [0.00474108 0.00456816 0.00468062 0.00466941]\n","  [0.00473669 0.00455307 0.00466941 0.00466578]]\n","\n"," [[0.00469397 0.00464031 0.00468155 0.00478004]\n","  [0.00464031 0.00463808 0.00465484 0.00475286]\n","  [0.00468155 0.00465484 0.00470272 0.00478863]\n","  [0.00478004 0.00475286 0.00478863 0.0048899 ]]\n","\n"," [[0.0046683  0.00469222 0.00463632 0.00461139]\n","  [0.00469222 0.0047265  0.00466295 0.00463849]\n","  [0.00463632 0.00466295 0.00461387 0.00457908]\n","  [0.00461139 0.00463849 0.00457908 0.00457232]]\n","\n"," [[0.0046023  0.00452437 0.00448217 0.00456309]\n","  [0.00452437 0.0045021  0.00443316 0.00450887]\n","  [0.00448217 0.00443316 0.00440085 0.00446102]\n","  [0.00456309 0.00450887 0.00446102 0.00456052]]\n","\n"," [[0.00463051 0.00451533 0.00461695 0.00457448]\n","  [0.00451533 0.00444193 0.00453154 0.00449121]\n","  [0.00461695 0.00453154 0.00463576 0.00459343]\n","  [0.00457448 0.00449121 0.00459343 0.00455548]]\n","\n"," [[0.00466553 0.00462301 0.00448885 0.00475041]\n","  [0.00462301 0.00463444 0.004478   0.00471605]\n","  [0.00448885 0.004478   0.00434556 0.00458531]\n","  [0.00475041 0.00471605 0.00458531 0.00485561]]\n","\n"," [[0.00475547 0.00466839 0.00475999 0.00465807]\n","  [0.00466839 0.00461184 0.00468822 0.00460139]\n","  [0.00475999 0.00468822 0.00479137 0.00468383]\n","  [0.00465807 0.00460139 0.00468383 0.00459352]]\n","\n"," [[0.00470452 0.0045708  0.00463565 0.00462341]\n","  [0.0045708  0.00447226 0.0045139  0.0045069 ]\n","  [0.00463565 0.0045139  0.00457525 0.00456442]\n","  [0.00462341 0.0045069  0.00456442 0.00455996]]\n","\n"," [[0.0046825  0.00470388 0.00470964 0.00462351]\n","  [0.00470388 0.00473721 0.00473266 0.0046542 ]\n","  [0.00470964 0.00473266 0.00475074 0.0046567 ]\n","  [0.00462351 0.0046542  0.0046567  0.00458211]]\n","\n"," [[0.00448123 0.00456023 0.00446983 0.00456567]\n","  [0.00456023 0.00467848 0.00454994 0.00464446]\n","  [0.00446983 0.00454994 0.00446817 0.0045638 ]\n","  [0.00456567 0.00464446 0.0045638  0.00467229]]\n","\n"," [[0.00449815 0.0045423  0.00453111 0.004571  ]\n","  [0.0045423  0.00460856 0.00457901 0.00463201]\n","  [0.00453111 0.00457901 0.0045774  0.00461841]\n","  [0.004571   0.00463201 0.00461841 0.00467686]]\n","\n"," [[0.00466667 0.00474576 0.00480095 0.00455852]\n","  [0.00474576 0.00484897 0.00489384 0.00464947]\n","  [0.00480095 0.00489384 0.00496015 0.00469879]\n","  [0.00455852 0.00464947 0.00469879 0.00447542]]\n","\n"," [[0.00473441 0.00457482 0.00468818 0.00466466]\n","  [0.00457482 0.00446615 0.0045512  0.00452401]\n","  [0.00468818 0.0045512  0.00467856 0.00462116]\n","  [0.00466466 0.00452401 0.00462116 0.0046107 ]]\n","\n"," [[0.00478731 0.00470272 0.00478563 0.00478572]\n","  [0.00470272 0.0046398  0.00471921 0.00472012]\n","  [0.00478563 0.00471921 0.00480295 0.00480089]\n","  [0.00478572 0.00472012 0.00480089 0.00481086]]\n","\n"," [[0.00482164 0.00466659 0.00473648 0.00475026]\n","  [0.00466659 0.00452629 0.00458173 0.0045998 ]\n","  [0.00473648 0.00458173 0.00467019 0.00467057]\n","  [0.00475026 0.0045998  0.00467057 0.004684  ]]\n","\n"," [[0.00472612 0.00460752 0.00475808 0.0047033 ]\n","  [0.00460752 0.00450722 0.00464587 0.00460148]\n","  [0.00475808 0.00464587 0.00480721 0.00474564]\n","  [0.0047033  0.00460148 0.00474564 0.00470222]]\n","\n"," [[0.00475745 0.00460587 0.00458419 0.00473216]\n","  [0.00460587 0.00448937 0.00444672 0.00459289]\n","  [0.00458419 0.00444672 0.00444964 0.00457657]\n","  [0.00473216 0.00459289 0.00457657 0.00472718]]\n","\n"," [[0.00467744 0.00465695 0.0046066  0.00458147]\n","  [0.00465695 0.00466656 0.00460775 0.00458733]\n","  [0.0046066  0.00460775 0.00455601 0.0045257 ]\n","  [0.00458147 0.00458733 0.0045257  0.00452628]]\n","\n"," [[0.00465403 0.0046745  0.00460665 0.00469884]\n","  [0.0046745  0.00470933 0.00462645 0.00472537]\n","  [0.00460665 0.00462645 0.00457892 0.00466414]\n","  [0.00469884 0.00472537 0.00466414 0.00476783]]\n","\n"," [[0.00468947 0.00464371 0.00458708 0.00450824]\n","  [0.00464371 0.00461251 0.0045526  0.00447429]\n","  [0.00458708 0.0045526  0.00450899 0.00442836]\n","  [0.00450824 0.00447429 0.00442836 0.0043691 ]]\n","\n"," [[0.00477905 0.00473457 0.00486626 0.00482336]\n","  [0.00473457 0.0047368  0.00484272 0.00480619]\n","  [0.00486626 0.00484272 0.00497886 0.00493314]\n","  [0.00482336 0.00480619 0.00493314 0.00491045]]\n","\n"," [[0.00449173 0.00465945 0.00450521 0.00456691]\n","  [0.00465945 0.00486998 0.00468576 0.00474878]\n","  [0.00450521 0.00468576 0.00453604 0.00458354]\n","  [0.00456691 0.00474878 0.00458354 0.00466659]]\n","\n"," [[0.00461571 0.00467807 0.00470564 0.0047154 ]\n","  [0.00467807 0.00476889 0.00476959 0.00478767]\n","  [0.00470564 0.00476959 0.0048128  0.00480584]\n","  [0.0047154  0.00478767 0.00480584 0.00482726]]\n","\n"," [[0.00464355 0.00456721 0.00469638 0.00465979]\n","  [0.00456721 0.00451534 0.00463409 0.00459807]\n","  [0.00469638 0.00463409 0.00477007 0.00472506]\n","  [0.00465979 0.00459807 0.00472506 0.00469427]]\n","\n"," [[0.00471585 0.0046917  0.00467659 0.00475707]\n","  [0.0046917  0.0047171  0.00465788 0.00475239]\n","  [0.00467659 0.00465788 0.00464923 0.00472452]\n","  [0.00475707 0.00475239 0.00472452 0.00482769]]\n","\n"," [[0.00476704 0.00459125 0.0046369  0.00471047]\n","  [0.00459125 0.00442684 0.00446201 0.00453303]\n","  [0.0046369  0.00446201 0.00452112 0.00459374]\n","  [0.00471047 0.00453303 0.00459374 0.00468555]]\n","\n"," [[0.00477032 0.00460385 0.00476451 0.00458986]\n","  [0.00460385 0.00444997 0.00459935 0.00443386]\n","  [0.00476451 0.00459935 0.00476909 0.00458474]\n","  [0.00458986 0.00443386 0.00458474 0.00443398]]\n","\n"," [[0.00462501 0.00460468 0.00463894 0.00467316]\n","  [0.00460468 0.00459843 0.00464158 0.00465675]\n","  [0.00463894 0.00464158 0.00469849 0.0046987 ]\n","  [0.00467316 0.00465675 0.0046987  0.00473679]]\n","\n"," [[0.0048263  0.00472807 0.00478414 0.00477743]\n","  [0.00472807 0.0046775  0.00471139 0.0047113 ]\n","  [0.00478414 0.00471139 0.00477292 0.00475849]\n","  [0.00477743 0.0047113  0.00475849 0.00476015]]\n","\n"," [[0.00471547 0.00466399 0.00471419 0.00462382]\n","  [0.00466399 0.00464825 0.00468279 0.00459658]\n","  [0.00471419 0.00468279 0.00473766 0.00463614]\n","  [0.00462382 0.00459658 0.00463614 0.00456079]]\n","\n"," [[0.00478685 0.00475094 0.00475385 0.00479027]\n","  [0.00475094 0.00474714 0.00474396 0.00478288]\n","  [0.00475385 0.00474396 0.00476029 0.00477342]\n","  [0.00479027 0.00478288 0.00477342 0.00483385]]\n","\n"," [[0.00458399 0.00470814 0.00460346 0.0046887 ]\n","  [0.00470814 0.00486062 0.00473429 0.00482396]\n","  [0.00460346 0.00473429 0.00463779 0.00470404]\n","  [0.0046887  0.00482396 0.00470404 0.00481056]]\n","\n"," [[0.00460948 0.00458867 0.00464098 0.00455697]\n","  [0.00458867 0.00459335 0.00462478 0.00453865]\n","  [0.00464098 0.00462478 0.00468211 0.00458887]\n","  [0.00455697 0.00453865 0.00458887 0.00452852]]\n","\n"," [[0.00480893 0.00466747 0.00481687 0.00471207]\n","  [0.00466747 0.00456604 0.0046865  0.00458051]\n","  [0.00481687 0.0046865  0.00484288 0.00473144]\n","  [0.00471207 0.00458051 0.00473144 0.00464387]]\n","\n"," [[0.00439638 0.00448208 0.0044342  0.00458948]\n","  [0.00448208 0.00459824 0.00452591 0.00468483]\n","  [0.0044342  0.00452591 0.00449408 0.00464112]\n","  [0.00458948 0.00468483 0.00464112 0.00481451]]\n","\n"," [[0.00449031 0.00457908 0.00458394 0.00451124]\n","  [0.00457908 0.00468416 0.00468256 0.00461249]\n","  [0.00458394 0.00468256 0.00470312 0.00462314]\n","  [0.00451124 0.00461249 0.00462314 0.00459307]]\n","\n"," [[0.00459877 0.00459831 0.00465852 0.00457847]\n","  [0.00459831 0.00462822 0.00466999 0.00458083]\n","  [0.00465852 0.00466999 0.00474237 0.00463546]\n","  [0.00457847 0.00458083 0.00463546 0.00456716]]\n","\n"," [[0.0047431  0.00457979 0.00461436 0.00464303]\n","  [0.00457979 0.004439   0.00445782 0.00449552]\n","  [0.00461436 0.00445782 0.00451301 0.00452753]\n","  [0.00464303 0.00449552 0.00452753 0.00456273]]\n","\n"," [[0.00482317 0.00460173 0.00478599 0.00464122]\n","  [0.00460173 0.0044088  0.00456854 0.00443614]\n","  [0.00478599 0.00456854 0.00475864 0.00461123]\n","  [0.00464122 0.00443614 0.00461123 0.00448009]]\n","\n"," [[0.00475542 0.00457838 0.00470551 0.00462693]\n","  [0.00457838 0.00443415 0.00453703 0.00447141]\n","  [0.00470551 0.00453703 0.00466682 0.00457891]\n","  [0.00462693 0.00447141 0.00457891 0.00451772]]\n","\n"," [[0.00434541 0.00445335 0.00451268 0.00451917]\n","  [0.00445335 0.00457641 0.00462261 0.00464162]\n","  [0.00451268 0.00462261 0.00470769 0.00470232]\n","  [0.00451917 0.00464162 0.00470232 0.00473513]]\n","\n"," [[0.00489649 0.00480563 0.00466393 0.00477777]\n","  [0.00480563 0.00473966 0.0045855  0.00469548]\n","  [0.00466393 0.0045855  0.00448554 0.00456858]\n","  [0.00477777 0.00469548 0.00456858 0.00469065]]\n","\n"," [[0.00469505 0.00460207 0.00469006 0.00464264]\n","  [0.00460207 0.00452337 0.00460629 0.00456444]\n","  [0.00469006 0.00460629 0.00470716 0.00465441]\n","  [0.00464264 0.00456444 0.00465441 0.0046271 ]]\n","\n"," [[0.00466434 0.00458858 0.00465294 0.00462972]\n","  [0.00458858 0.00455571 0.00460674 0.00457097]\n","  [0.00465294 0.00460674 0.00469616 0.00463897]\n","  [0.00462972 0.00457097 0.00463897 0.00462239]]\n","\n"," [[0.00461003 0.00458168 0.00469995 0.00461871]\n","  [0.00458168 0.00458194 0.00468314 0.00461144]\n","  [0.00469995 0.00468314 0.00481138 0.00472411]\n","  [0.00461871 0.00461144 0.00472411 0.00466473]]\n","\n"," [[0.00472583 0.00475544 0.00460417 0.00471715]\n","  [0.00475544 0.0048176  0.00466007 0.00475943]\n","  [0.00460417 0.00466007 0.00452567 0.00462189]\n","  [0.00471715 0.00475943 0.00462189 0.0047481 ]]]\n","[[6. 6. 6. 6. 6. 6. 6. 6. 6. 6. 6. 6. 6. 6. 6. 6. 6. 6. 6. 6. 6. 6. 6. 6.\n","  6. 6. 6. 6. 6. 6. 6. 6. 6. 6. 6. 6. 6. 6. 6. 6. 6. 6. 6. 6. 6. 6. 6. 6.\n","  6. 6.]\n"," [6. 6. 6. 6. 6. 6. 6. 6. 6. 6. 6. 6. 6. 6. 6. 6. 6. 6. 6. 6. 6. 6. 6. 6.\n","  6. 6. 6. 6. 6. 6. 6. 6. 6. 6. 6. 6. 6. 6. 6. 6. 6. 6. 6. 6. 6. 6. 6. 6.\n","  6. 6.]\n"," [6. 6. 6. 6. 6. 6. 6. 6. 6. 6. 6. 6. 6. 6. 6. 6. 6. 6. 6. 6. 6. 6. 6. 6.\n","  6. 6. 6. 6. 6. 6. 6. 6. 6. 6. 6. 6. 6. 6. 6. 6. 6. 6. 6. 6. 6. 6. 6. 6.\n","  6. 6.]\n"," [6. 6. 6. 6. 6. 6. 6. 6. 6. 6. 6. 6. 6. 6. 6. 6. 6. 6. 6. 6. 6. 6. 6. 6.\n","  6. 6. 6. 6. 6. 6. 6. 6. 6. 6. 6. 6. 6. 6. 6. 6. 6. 6. 6. 6. 6. 6. 6. 6.\n","  6. 6.]\n"," [6. 6. 6. 6. 6. 6. 6. 6. 6. 6. 6. 6. 6. 6. 6. 6. 6. 6. 6. 6. 6. 6. 6. 6.\n","  6. 6. 6. 6. 6. 6. 6. 6. 6. 6. 6. 6. 6. 6. 6. 6. 6. 6. 6. 6. 6. 6. 6. 6.\n","  6. 6.]\n"," [6. 6. 6. 6. 6. 6. 6. 6. 6. 6. 6. 6. 6. 6. 6. 6. 6. 6. 6. 6. 6. 6. 6. 6.\n","  6. 6. 6. 6. 6. 6. 6. 6. 6. 6. 6. 6. 6. 6. 6. 6. 6. 6. 6. 6. 6. 6. 6. 6.\n","  6. 6.]\n"," [6. 6. 6. 6. 6. 6. 6. 6. 6. 6. 6. 6. 6. 6. 6. 6. 6. 6. 6. 6. 6. 6. 6. 6.\n","  6. 6. 6. 6. 6. 6. 6. 6. 6. 6. 6. 6. 6. 6. 6. 6. 6. 6. 6. 6. 6. 6. 6. 6.\n","  6. 6.]\n"," [6. 6. 6. 6. 6. 6. 6. 6. 6. 6. 6. 6. 6. 6. 6. 6. 6. 6. 6. 6. 6. 6. 6. 6.\n","  6. 6. 6. 6. 6. 6. 6. 6. 6. 6. 6. 6. 6. 6. 6. 6. 6. 6. 6. 6. 6. 6. 6. 6.\n","  6. 6.]\n"," [6. 6. 6. 6. 6. 6. 6. 6. 6. 6. 6. 6. 6. 6. 6. 6. 6. 6. 6. 6. 6. 6. 6. 6.\n","  6. 6. 6. 6. 6. 6. 6. 6. 6. 6. 6. 6. 6. 6. 6. 6. 6. 6. 6. 6. 6. 6. 6. 6.\n","  6. 6.]]\n","[[1.05777526 1.09580052 1.058708   1.06994237 1.03073742 1.06960775\n","  1.05314329 1.01798862 1.0635748 ]\n"," [1.01009903 1.04862716 1.05647126 1.01086728 1.08742848 1.0751122\n","  1.00506595 1.00465927 1.03500828]\n"," [1.00888728 1.02788517 1.02346859 1.03507909 1.07411429 1.00371829\n","  1.06320625 1.07256859 1.0150829 ]\n"," [1.03708797 1.05881309 1.09217351 1.08774487 1.07400924 1.08453253\n","  1.09051722 1.05519159 1.0719185 ]\n"," [1.03318393 1.06513892 1.0800542  1.08926414 1.091091   1.01815416\n","  1.0364065  1.08372984 1.05773593]\n"," [1.02797496 1.09572459 1.08216973 1.05104768 1.07558424 1.02040088\n","  1.09360798 1.08341998 1.00619039]\n"," [1.0070856  1.0539176  1.00215637 1.00499439 1.00858327 1.09340422\n","  1.05724669 1.02860994 1.04846321]\n"," [1.01289485 1.04585233 1.08383    1.04542033 1.00301753 1.02964603\n","  1.04064932 1.01016986 1.07199868]\n"," [1.02477494 1.04825884 1.07566624 1.05614744 1.05395156 1.0501247\n","  1.0198958  1.03531143 1.09463013]\n"," [1.04258387 1.06617808 1.0517646  1.0500408  1.06571802 1.02698722\n","  1.01038317 1.07550329 1.042816  ]\n"," [1.09787265 1.0194864  1.02109079 1.00330274 1.0666977  1.0846783\n","  1.04710672 1.02304301 1.06119711]\n"," [1.01067304 1.04008447 1.09097794 1.04953037 1.05422599 1.00027041\n","  1.0486174  1.08004321 1.09075968]\n"," [1.08934209 1.00613797 1.00012201 1.01771869 1.03205402 1.01347463\n","  1.07192603 1.0347021  1.06645476]\n"," [1.07521068 1.04602831 1.08492137 1.07654402 1.01347075 1.07558486\n","  1.01763109 1.03099335 1.00796866]\n"," [1.03287489 1.02747278 1.0724621  1.06100309 1.0036883  1.09624026\n","  1.06325303 1.05186337 1.05469653]\n"," [1.0660259  1.08393844 1.00036243 1.00915643 1.08675277 1.02281694\n","  1.08854005 1.079581   1.08667324]\n"," [1.08357493 1.08197716 1.04306325 1.03229782 1.01485853 1.0333846\n","  1.09535827 1.09355035 1.08111797]\n"," [1.00857539 1.03197782 1.05206504 1.0265512  1.08532206 1.09864348\n","  1.03250848 1.05802307 1.03098499]\n"," [1.05533145 1.05680648 1.00245478 1.07242734 1.05915864 1.01744815\n","  1.03845952 1.0030568  1.015457  ]\n"," [1.03056606 1.03047783 1.05419257 1.06123553 1.08722808 1.0610654\n","  1.0321918  1.01319533 1.07313698]\n"," [1.03922107 1.03178541 1.0203062  1.05338872 1.07131437 1.0878978\n","  1.00433335 1.08787648 1.05888933]\n"," [1.05165605 1.08163388 1.0998276  1.06285708 1.01403917 1.01496171\n","  1.00410419 1.01929469 1.05945716]\n"," [1.09131914 1.01000179 1.00339847 1.06661017 1.09657784 1.07633087\n","  1.00979745 1.02972856 1.00564213]\n"," [1.09424999 1.05259609 1.06470255 1.02889225 1.06136429 1.08779654\n","  1.02951232 1.02024752 1.04251954]\n"," [1.09361245 1.03761686 1.05020117 1.0395142  1.06134353 1.00061682\n","  1.01021308 1.02001859 1.00152539]\n"," [1.06320556 1.03700343 1.0643368  1.05065699 1.05062873 1.01114857\n","  1.06583844 1.03619819 1.0257421 ]\n"," [1.03462649 1.01587047 1.05036735 1.07445249 1.07038557 1.05776314\n","  1.07632051 1.09601988 1.00435587]\n"," [1.08011732 1.080864   1.02464255 1.02481164 1.00116709 1.02359144\n","  1.06452133 1.05708446 1.01109619]\n"," [1.0197108  1.08486457 1.09210278 1.08999077 1.09340728 1.03648035\n","  1.03442216 1.00401432 1.02939221]\n"," [1.07297948 1.04762293 1.08831893 1.04724834 1.03009302 1.00846656\n","  1.0078898  1.02233765 1.07116463]\n"," [1.02734065 1.05929392 1.09610561 1.01611851 1.09672922 1.07257569\n","  1.08514761 1.07713148 1.05246698]\n"," [1.0833773  1.04124533 1.00187871 1.05623325 1.09715626 1.05985937\n","  1.03771093 1.07479111 1.01426864]\n"," [1.04780464 1.09248464 1.03672212 1.06653721 1.043992   1.08947402\n","  1.02920678 1.00591391 1.00645796]\n"," [1.02034507 1.07970206 1.08642615 1.02423516 1.01399452 1.04568202\n","  1.0267267  1.04399855 1.05875083]\n"," [1.08048624 1.08975054 1.05155837 1.00608496 1.0105439  1.09242271\n","  1.04674265 1.02060146 1.08451823]\n"," [1.0463176  1.07265827 1.06361507 1.03209126 1.08652702 1.05252422\n","  1.0703737  1.01872722 1.06352924]\n"," [1.0622506  1.02656776 1.06004575 1.02676876 1.08788246 1.01044832\n","  1.02471623 1.06713829 1.0450369 ]\n"," [1.06666049 1.01734094 1.01328424 1.04710673 1.03659154 1.01916617\n","  1.09513772 1.09858858 1.02911498]\n"," [1.08629299 1.04657633 1.03208819 1.05082819 1.06918014 1.02848171\n","  1.04203267 1.04822376 1.0291785 ]\n"," [1.02821464 1.06383923 1.00703849 1.04492431 1.0590381  1.00855393\n","  1.00058006 1.00401316 1.08683513]\n"," [1.06392926 1.04126519 1.08900454 1.03115898 1.04952693 1.08608118\n","  1.09795596 1.0304636  1.069548  ]\n"," [1.08877565 1.04000816 1.04832583 1.02881318 1.08711237 1.08752713\n","  1.00643162 1.08114647 1.04006064]\n"," [1.03124338 1.08936082 1.08913733 1.0935738  1.02610237 1.09141981\n","  1.0324637  1.04903962 1.09142288]\n"," [1.06926015 1.04880049 1.06411252 1.05137445 1.07201363 1.08979473\n","  1.06612184 1.06297888 1.0187616 ]\n"," [1.00591011 1.08840007 1.09903397 1.08369721 1.01090854 1.04888664\n","  1.09209564 1.02369978 1.0301457 ]\n"," [1.07978578 1.0586164  1.04894466 1.05133251 1.04430304 1.07920327\n","  1.03094141 1.07880369 1.01882148]\n"," [1.07245564 1.01419758 1.05878923 1.00479224 1.06496507 1.09492325\n","  1.04256259 1.04242826 1.02897706]\n"," [1.0920462  1.04893403 1.06198727 1.01373126 1.0412695  1.00660549\n","  1.02876476 1.01156013 1.06505908]\n"," [1.02547294 1.08755963 1.06175918 1.02562805 1.03369084 1.09922056\n","  1.09652941 1.01759985 1.08177501]\n"," [1.01176013 1.07212713 1.06766862 1.0082776  1.09161883 1.0484752\n","  1.05329326 1.08453208 1.02841172]]\n"]}],"source":["new_theta = lib.GLLiMParameters(L,D,K, \"full\", \"diag\")\n","print(type(new_theta))\n","\n","Gamma = np.ones((K,L,L)) + np.random.rand(K,L,L) * 0.1\n","Sigma = np.ones((K,D)) + np.random.rand(K,D) * 0.1\n","for k in range(K):\n","    Gamma[k] += np.eye(L) * 0.1\n","    Gamma[k] = np.dot(Gamma[k], Gamma[k].T) * 0.001\n","    # Sigma[k] += np.eye(D) * 0.1\n","    # Sigma[k] = np.dot(Sigma[k], Sigma[k].T) * 0.001\n","new_theta.Pi = Pi\n","new_theta.A = A * 3\n","new_theta.C = C * 2\n","new_theta.Gamma = Gamma\n","new_theta.B = B * 2\n","new_theta.Sigma = Sigma\n","print(gllim.getDimensions())\n","gllim.setParams(new_theta)\n","print(gllim.getDimensions()) # TODO ERROR GLLiM<TGamma,TSigma> dimensions are (L=4000838736, D=32766, K=4000837888)\n","theta = gllim.getParams()\n","print(theta.Pi)\n","print(theta.A)\n","print(theta.C)\n","print(theta.Gamma)\n","print(theta.B)\n","print(theta.Sigma)"]},{"cell_type":"code","execution_count":11,"metadata":{},"outputs":[{"name":"stdout","output_type":"stream","text":["[[0.02 0.02 0.02 0.02 0.02 0.02 0.02 0.02 0.02 0.02 0.02 0.02 0.02 0.02\n","  0.02 0.02 0.02 0.02 0.02 0.02 0.02 0.02 0.02 0.02 0.02 0.02 0.02 0.02\n","  0.02 0.02 0.02 0.02 0.02 0.02 0.02 0.02 0.02 0.02 0.02 0.02 0.02 0.02\n","  0.02 0.02 0.02 0.02 0.02 0.02 0.02 0.02]]\n","[[[0.00773603 0.00787405 0.00814266 ... 0.00753858 0.00807645 0.00821785]\n","  [0.00746758 0.00758475 0.00799216 ... 0.00784842 0.00761538 0.00775514]\n","  [0.00772922 0.00752843 0.00802665 ... 0.00775196 0.00780043 0.00778752]\n","  ...\n","  [0.00777006 0.00791348 0.00772665 ... 0.00800229 0.00755308 0.00789381]\n","  [0.00803838 0.00791669 0.00765921 ... 0.0081384  0.00813893 0.00766643]\n","  [0.00769385 0.00768455 0.00809296 ... 0.0077296  0.0076561  0.00808479]]\n","\n"," [[0.00788936 0.00818413 0.00808444 ... 0.00745172 0.00805368 0.00830087]\n","  [0.00761559 0.00788343 0.00793502 ... 0.00775799 0.00759391 0.00783348]\n","  [0.0078824  0.0078249  0.00796926 ... 0.00766263 0.00777844 0.00786619]\n","  ...\n","  [0.00792405 0.00822511 0.00767141 ... 0.00791009 0.00753179 0.00797355]\n","  [0.0081977  0.00822844 0.00760445 ... 0.00804462 0.00811599 0.00774388]\n","  [0.00784634 0.00798716 0.0080351  ... 0.00764053 0.00763452 0.00816646]]\n","\n"," [[0.00788481 0.00808948 0.00804168 ... 0.00756267 0.00825456 0.00804705]\n","  [0.0076112  0.00779226 0.00789305 ... 0.0078735  0.00778332 0.00759395]\n","  [0.00787787 0.0077344  0.00792711 ... 0.00777672 0.00797245 0.00762566]\n","  ...\n","  [0.00791949 0.00812999 0.00763084 ... 0.00802786 0.00771965 0.00772974]\n","  [0.00819298 0.00813328 0.00756423 ... 0.0081644  0.00831842 0.00750709]\n","  [0.00784182 0.00789479 0.0079926  ... 0.0077543  0.00782494 0.00791675]]\n","\n"," [[0.0079391  0.00809765 0.00816916 ... 0.00750868 0.00812383 0.00823707]\n","  [0.00766361 0.00780013 0.00801818 ... 0.00781729 0.00766006 0.00777328]\n","  [0.00793211 0.00774222 0.00805278 ... 0.00772121 0.0078462  0.00780574]\n","  ...\n","  [0.00797402 0.0081382  0.0077518  ... 0.00797055 0.0075974  0.00791227]\n","  [0.00824939 0.0081415  0.00768414 ... 0.00810611 0.00818669 0.00768437]\n","  [0.00789581 0.00790277 0.0081193  ... 0.00769894 0.00770102 0.0081037 ]]]\n","[[54. 54. 54. 54. 54. 54. 54. 54. 54. 54. 54. 54. 54. 54. 54. 54. 54. 54.\n","  54. 54. 54. 54. 54. 54. 54. 54. 54. 54. 54. 54. 54. 54. 54. 54. 54. 54.\n","  54. 54. 54. 54. 54. 54. 54. 54. 54. 54. 54. 54. 54. 54.]\n"," [54. 54. 54. 54. 54. 54. 54. 54. 54. 54. 54. 54. 54. 54. 54. 54. 54. 54.\n","  54. 54. 54. 54. 54. 54. 54. 54. 54. 54. 54. 54. 54. 54. 54. 54. 54. 54.\n","  54. 54. 54. 54. 54. 54. 54. 54. 54. 54. 54. 54. 54. 54.]\n"," [54. 54. 54. 54. 54. 54. 54. 54. 54. 54. 54. 54. 54. 54. 54. 54. 54. 54.\n","  54. 54. 54. 54. 54. 54. 54. 54. 54. 54. 54. 54. 54. 54. 54. 54. 54. 54.\n","  54. 54. 54. 54. 54. 54. 54. 54. 54. 54. 54. 54. 54. 54.]\n"," [54. 54. 54. 54. 54. 54. 54. 54. 54. 54. 54. 54. 54. 54. 54. 54. 54. 54.\n","  54. 54. 54. 54. 54. 54. 54. 54. 54. 54. 54. 54. 54. 54. 54. 54. 54. 54.\n","  54. 54. 54. 54. 54. 54. 54. 54. 54. 54. 54. 54. 54. 54.]\n"," [54. 54. 54. 54. 54. 54. 54. 54. 54. 54. 54. 54. 54. 54. 54. 54. 54. 54.\n","  54. 54. 54. 54. 54. 54. 54. 54. 54. 54. 54. 54. 54. 54. 54. 54. 54. 54.\n","  54. 54. 54. 54. 54. 54. 54. 54. 54. 54. 54. 54. 54. 54.]\n"," [54. 54. 54. 54. 54. 54. 54. 54. 54. 54. 54. 54. 54. 54. 54. 54. 54. 54.\n","  54. 54. 54. 54. 54. 54. 54. 54. 54. 54. 54. 54. 54. 54. 54. 54. 54. 54.\n","  54. 54. 54. 54. 54. 54. 54. 54. 54. 54. 54. 54. 54. 54.]\n"," [54. 54. 54. 54. 54. 54. 54. 54. 54. 54. 54. 54. 54. 54. 54. 54. 54. 54.\n","  54. 54. 54. 54. 54. 54. 54. 54. 54. 54. 54. 54. 54. 54. 54. 54. 54. 54.\n","  54. 54. 54. 54. 54. 54. 54. 54. 54. 54. 54. 54. 54. 54.]\n"," [54. 54. 54. 54. 54. 54. 54. 54. 54. 54. 54. 54. 54. 54. 54. 54. 54. 54.\n","  54. 54. 54. 54. 54. 54. 54. 54. 54. 54. 54. 54. 54. 54. 54. 54. 54. 54.\n","  54. 54. 54. 54. 54. 54. 54. 54. 54. 54. 54. 54. 54. 54.]\n"," [54. 54. 54. 54. 54. 54. 54. 54. 54. 54. 54. 54. 54. 54. 54. 54. 54. 54.\n","  54. 54. 54. 54. 54. 54. 54. 54. 54. 54. 54. 54. 54. 54. 54. 54. 54. 54.\n","  54. 54. 54. 54. 54. 54. 54. 54. 54. 54. 54. 54. 54. 54.]]\n","[[[1.72186297 0.66408771 0.66408771 ... 0.66408771 0.66408771 0.66408771]\n","  [0.66408771 1.75988823 0.66408771 ... 0.66408771 0.66408771 0.66408771]\n","  [0.66408771 0.66408771 1.7227957  ... 0.66408771 0.66408771 0.66408771]\n","  ...\n","  [0.66408771 0.66408771 0.66408771 ... 1.717231   0.66408771 0.66408771]\n","  [0.66408771 0.66408771 0.66408771 ... 0.66408771 1.68207633 0.66408771]\n","  [0.66408771 0.66408771 0.66408771 ... 0.66408771 0.66408771 1.7276625 ]]\n","\n"," [[1.65592455 0.64582552 0.64582552 ... 0.64582552 0.64582552 0.64582552]\n","  [0.64582552 1.69445268 0.645